2 0.23297122265625 0.0217019921875 0.19395137890625 0.0048518125 0.11681921875 0.070146330078125 0.004764818359375 0.30321340234375 0.010649013671875 0.3671310546875 0.124078712890625 0.13754709375 0.23297122265625 0.0217019921875
1 0.0707964609375 0 0.071317021484375 0.022946859375 0.059864654296875 0.0326086953125 0.060385216796875 0.054347826171875 0.06350858984375 0.073671498046875 0.0697553359375 0.082125603515625 0.108797501953125 0.062801931640625 0.1103591875 0.04710144921875 0.116085373046875 0.039855072265625 0.127537740234375 0.0132850234375 0.1259760546875 0 0.123348455078125 0 0.0707964609375 0
1 0.022904736328125 0.42028985546875 0.02186361328125 0.4154589375 0.00832899609375 0.419082125 0.0124934921875 0.427536232421875 0.009890681640625 0.435990337890625 0.00572618359375 0.437198068359375 0.00624674609375 0.46256038671875 0.00780843359375 0.478260869140625 0.010931806640625 0.4867149765625 0.017178552734375 0.553140095703125 0.028110359375 0.5519323671875 0.093180634765625 0.516908212890625 0.092660072265625 0.480676328125 0.09057782421875 0.445652173828125 0.087975013671875 0.43357487890625 0.088495576171875 0.407004830078125 0.084851640625 0.36231883984375 0.080166580078125 0.353864734375 0.080166580078125 0.34903381640625 0.05674128125 0.34903381640625 0.05622071875 0.34903381640625 0.024466423828125 0.36835748828125 0.029151484375 0.390096619140625 0.027069234375 0.42028985546875 0.022904736328125 0.42028985546875
1 0.04841228515625 0.609903380859375 0.0400832890625 0.61835748828125 0.0421655390625 0.63768116015625 0.046850599609375 0.653381642578125 0.050494533203125 0.684782609375 0.04945341015625 0.68961352734375 0.052576783203125 0.69927536328125 0.05570015625 0.73188405859375 0.058823529296875 0.739130435546875 0.064549712890625 0.776570048828125 0.067152525390625 0.80676328515625 0.083810515625 0.80676328515625 0.085892763671875 0.82004830859375 0.081207705078125 0.82971014453125 0.081728265625 0.833333333984375 0.099947943359375 0.832125603515625 0.137428421875 0.80676328515625 0.143154607421875 0.81038647265625 0.1520041640625 0.804347826171875 0.149401353515625 0.809178744140625 0.1540864140625 0.809178744140625 0.1530452890625 0.762077294921875 0.142113482421875 0.69927536328125 0.137428421875 0.653381642578125 0.122852681640625 0.561594203125 0.120249869140625 0.561594203125 0.0963040078125 0.5748792265625 0.06402915234375 0.600241544921875 0.060385216796875 0.607487921875 0.04841228515625 0.609903380859375
1 0.060385216796875 0.60265700390625 0.099947943359375 0.5712560390625 0.100989068359375 0.56642512109375 0.0973451328125 0.53381642578125 0.093180634765625 0.520531400390625 0.09109838671875 0.520531400390625 0.045809474609375 0.544685990234375 0.04789172265625 0.57971014453125 0.051535658203125 0.601449275390625 0.060385216796875 0.60265700390625
1 0.03383654296875 0.61835748828125 0.045288912109375 0.606280193359375 0.0400832890625 0.605072462890625 0.04737116015625 0.59541062890625 0.046330037109375 0.559178744140625 0.0432066640625 0.54710144921875 0.0400832890625 0.54710144921875 0.011972931640625 0.564009662109375 0.0130140546875 0.583333333984375 0.02134305078125 0.6135265703125 0.03383654296875 0.61835748828125
1 0 0.93357487890625 0.002082248046875 0.934782609375 0 0.935990337890625 0.002082248046875 0.989130435546875 0 0.993961353515625 0.032274857421875 0.992753623046875 0.03539823046875 0.9903381640625 0.03643935546875 0.983091787109375 0.044247787109375 0.983091787109375 0.046330037109375 0.942028986328125 0.0421655390625 0.885265701171875 0.0432066640625 0.864734298828125 0.039042166015625 0.859903380859375 0.03604893359375 0.859903380859375 0.00624674609375 0.8635265703125 0 0.87681159375 0 0.884057970703125 0.002082248046875 0.885265701171875 0.002082248046875 0.893719806640625 0 0.894927537109375 0 0.90096618359375 0.002082248046875 0.902173912109375 0 0.9057971015625 0 0.9154589375 0.002082248046875 0.916666666015625 0 0.922705314453125 0 0.93357487890625
1 0.088495576171875 0.9516908203125 0.071317021484375 0.9516908203125 0.0687142109375 0.946859904296875 0.066111400390625 0.946859904296875 0.051535658203125 0.9516908203125 0.04997397265625 0.993961353515625 0.093701197265625 0.993961353515625 0.088495576171875 0.9516908203125
1 0.1233732421875 0.993961353515625 0.11972930859375 0.932367150390625 0.120249869140625 0.893719806640625 0.11868818359375 0.890096619140625 0.115044248046875 0.890096619140625 0.09109838671875 0.938405796875 0.095262884765625 0.98550724609375 0.093180634765625 0.993961353515625 0.1233732421875 0.993961353515625
0 0.38269842578125 0.982163169921875 0.31373318359375 0.90844355859375 0.289232326171875 0.737835349609375 0.2565645859375 0.563014576171875 0.203025755859375 0.365024732421875 0.137690275390625 0.148078466796875 0.10686849609375 0.245308064453125 0.276528255859375 0.828405220703125 0.2901398203125 0.988482056640625 0.38269842578125 0.982163169921875
1 0.121290994140625 0.93961352734375 0.1233732421875 0.9903381640625 0.10359187890625 0.993961353515625 0.205101509765625 0.993961353515625 0.20249869921875 0.9710144921875 0.20249869921875 0.8864734296875 0.197813638671875 0.880434783203125 0.195037306640625 0.880434783203125 0.155648099609375 0.884057970703125 0.1254554921875 0.893719806640625 0.122852681640625 0.899758455078125 0.121290994140625 0.93961352734375
1 0.259239978515625 0.993961353515625 0.25715773046875 0.978260869140625 0.259239978515625 0.964975845703125 0.255075482421875 0.955314009765625 0.252472669921875 0.92391304296875 0.245705361328125 0.92028985546875 0.22800624609375 0.922705314453125 0.217074439453125 0.90458937109375 0.218115564453125 0.896135265625 0.21655387890625 0.892512078125 0.21551275390625 0.892512078125 0.2087454453125 0.899758455078125 0.203539822265625 0.896135265625 0.205101509765625 0.993961353515625 0.259239978515625 0.993961353515625
1 0.232170744140625 0.87198067578125 0.22748568359375 0.87681159375 0.226444560546875 0.8828502421875 0.225923998046875 0.913043478515625 0.231129619140625 0.92028985546875 0.252993232421875 0.919082125 0.25767829296875 0.934782609375 0.259239978515625 0.958937197265625 0.27017178515625 0.95772946875 0.27121291015625 0.938405796875 0.267048412109375 0.931159419921875 0.27069234765625 0.9287439609375 0.274856845703125 0.908212560546875 0.273295158203125 0.874396134765625 0.27121291015625 0.8671497578125 0.260281103515625 0.8671497578125 0.25559604296875 0.82971014453125 0.248828734375 0.818840580078125 0.246225923828125 0.818840580078125 0.245184798828125 0.823671498046875 0.231129619140625 0.82971014453125 0.232691306640625 0.864734298828125 0.232170744140625 0.87198067578125
3 0.344091619140625 0.78864734375 0.328474751953125 0.794685990234375 0.32691306640625 0.79710144921875 0.328474751953125 0.815217390625 0.314940134765625 0.8212560390625 0.31389901171875 0.8345410625 0.3191046328125 0.892512078125 0.349297240234375 0.888888888671875 0.351379490234375 0.90096618359375 0.357626236328125 0.902173912109375 0.384695470703125 0.892512078125 0.38729828125 0.88768116015625 0.38781884375 0.875603865234375 0.38313378515625 0.859903380859375 0.38313378515625 0.85265700390625 0.386257158203125 0.8442028984375 0.386257158203125 0.818840580078125 0.38157209765625 0.74154589453125 0.376887037109375 0.728260869140625 0.3742842265625 0.728260869140625 0.362831859375 0.73188405859375 0.362831859375 0.772946859375 0.3466944296875 0.7789855078125 0.344091619140625 0.78864734375
4 0.1525247265625 0.13768116015625 0.1535658515625 0.1787439609375 0.162935970703125 0.192028986328125 0.16710046875 0.21618357421875 0.170223841796875 0.22222222265625 0.170744404296875 0.233091787109375 0.1806350859375 0.25 0.1816762109375 0.25845410546875 0.185320146484375 0.2536231875 0.18688183203125 0.2632850234375 0.193128578125 0.26449275390625 0.196772513671875 0.257246376953125 0.20093701171875 0.257246376953125 0.204060384765625 0.24154589453125 0.2077043203125 0.24154589453125 0.2217595 0.223429951171875 0.219677251953125 0.218599033203125 0.22800624609375 0.219806763671875 0.22800624609375 0.223429951171875 0.239979177734375 0.218599033203125 0.255075482421875 0.200483091796875 0.2623633515625 0.18357487890625 0.27693909375 0.172705314453125 0.27173347265625 0.134057970703125 0.267048412109375 0.12318840625 0.260801666015625 0.088164251953125 0.24310255078125 0.06642512109375 0.239979177734375 0.0555555546875 0.2368558046875 0.053140095703125 0.233732431640625 0.053140095703125 0.222800625 0.0555555546875 0.2071837578125 0.0712560390625 0.193649140625 0.0942028984375 0.1525247265625 0.13768116015625
4 0.220429173828125 0.372920021484375 0.226444560546875 0.380434783203125 0.2233211875 0.384057970703125 0.22956793359375 0.392512078125 0.22748568359375 0.39734299609375 0.23008849609375 0.4057971015625 0.226444560546875 0.42028985546875 0.232691306640625 0.421497583984375 0.2347735546875 0.411835748046875 0.241020302734375 0.41062801953125 0.24310255078125 0.416666666015625 0.24258198828125 0.4287439609375 0.24466423828125 0.431159419921875 0.238417490234375 0.43961352734375 0.24154086328125 0.442028986328125 0.24258198828125 0.450483091796875 0.25559604296875 0.4516908203125 0.27121291015625 0.42995169140625 0.274856845703125 0.417874396484375 0.280062466796875 0.417874396484375 0.301405517578125 0.396135265625 0.322228005859375 0.364734298828125 0.31077563671875 0.315217390625 0.306090578125 0.3055555546875 0.306611140625 0.294685990234375 0.302967205078125 0.2789855078125 0.2915148359375 0.25 0.288912025390625 0.25 0.22748568359375 0.32971014453125 0.220718375 0.341787439453125 0.222800625 0.357487921875 0.220197814453125 0.364734298828125 0.2222800625 0.370772947265625 0.220429173828125 0.372920021484375
1 0.26965122265625 0.20772946875 0.267568974609375 0.2173913046875 0.259760541015625 0.223429951171875 0.254554919921875 0.214975845703125 0.246746486328125 0.21618357421875 0.238417490234375 0.228260869140625 0.239979177734375 0.233091787109375 0.22956793359375 0.23188405859375 0.18688183203125 0.285024154296875 0.198854763671875 0.322463767578125 0.204580947265625 0.351449275390625 0.218115564453125 0.3405797109375 0.28370640234375 0.247584541015625 0.280062466796875 0.229468599609375 0.282665279296875 0.219806763671875 0.286829775390625 0.21618357421875 0.28474752734375 0.1980676328125 0.27902134375 0.18357487890625 0.275377408203125 0.190821255859375 0.27173347265625 0.184782609375 0.27121291015625 0.18357487890625 0.268610099609375 0.185990337890625 0.26913066015625 0.192028986328125 0.273295158203125 0.204106279296875 0.26965122265625 0.20772946875
1 0.275377408203125 0.55676328515625 0.282665279296875 0.54710144921875 0.349817802734375 0.492753623046875 0.352420615234375 0.48550724609375 0.349817802734375 0.478260869140625 0.350338365234375 0.4710144921875 0.349297240234375 0.468599033203125 0.3461738671875 0.478260869140625 0.344612181640625 0.47584541015625 0.345132744140625 0.46618357421875 0.349297240234375 0.460144927734375 0.349297240234375 0.455314009765625 0.3456533046875 0.455314009765625 0.33888599609375 0.440821255859375 0.337324310546875 0.440821255859375 0.2644456015625 0.5132850234375 0.260281103515625 0.522946859375 0.266007287109375 0.557971013671875 0.275377408203125 0.55676328515625
4 0.2899531484375 0.413043478515625 0.27798021875 0.419082125 0.254554919921875 0.450483091796875 0.251431546875 0.458937197265625 0.254554919921875 0.46618357421875 0.252993232421875 0.4710144921875 0.25559604296875 0.47222222265625 0.25715773046875 0.480676328125 0.25819885546875 0.4903381640625 0.25663716796875 0.497584541015625 0.254554919921875 0.497584541015625 0.251952107421875 0.480676328125 0.247787611328125 0.47584541015625 0.245184798828125 0.48188405859375 0.250910984375 0.506038646484375 0.255075482421875 0.512077294921875 0.2634044765625 0.5132850234375 0.31285788671875 0.458937197265625 0.33940655859375 0.435990337890625 0.3347215 0.408212560546875 0.328474751953125 0.402173912109375 0.322228005859375 0.374396134765625 0.3180635078125 0.374396134765625 0.307131703125 0.384057970703125 0.302446642578125 0.39734299609375 0.29776158203125 0.399758455078125 0.2899531484375 0.413043478515625
4 0.287350337890625 0.6594202890625 0.29828214453125 0.648550724609375 0.306611140625 0.646135265625 0.31337844921875 0.6364734296875 0.370640291015625 0.60265700390625 0.365434669921875 0.564009662109375 0.351379490234375 0.492753623046875 0.3482561171875 0.492753623046875 0.27121291015625 0.56038647265625 0.268089537109375 0.567632849609375 0.28318583984375 0.658212560546875 0.287350337890625 0.6594202890625
1 0.39042165625 0.497584541015625 0.38105153515625 0.5096618359375 0.379489849609375 0.535024154296875 0.385216033203125 0.56642512109375 0.38729828125 0.59541062890625 0.38938053125 0.597826087890625 0.39510671484375 0.59903381640625 0.416449765625 0.588164251953125 0.427381572265625 0.57971014453125 0.433107755859375 0.568840580078125 0.4310255078125 0.5519323671875 0.4320666328125 0.54347826171875 0.426340447265625 0.519323671875 0.426861009765625 0.48550724609375 0.42321707421875 0.46256038671875 0.42269651171875 0.442028986328125 0.419573138671875 0.4287439609375 0.416970328125 0.4287439609375 0.38729828125 0.440821255859375 0.38781884375 0.458937197265625 0.390942216796875 0.4710144921875 0.39042165625 0.497584541015625
1 0.45184799609375 0.98188405859375 0.469026548828125 0.99516908203125 0.50806871484375 0.993961353515625 0.50546590234375 0.890096619140625 0.503904216796875 0.88164251171875 0.498178033203125 0.87801932421875 0.497657470703125 0.87801932421875 0.45132743359375 0.88768116015625 0.45236855859375 0.950483091796875 0.44976574609375 0.974637681640625 0.45184799609375 0.98188405859375
1 0.57470067578125 0.931159419921875 0.572097865234375 0.927536232421875 0.5694950546875 0.927536232421875 0.50754815234375 0.935990337890625 0.50806871484375 0.993961353515625 0.5705361796875 0.99516908203125 0.57470067578125 0.931159419921875
1 0.4450806875 0.804347826171875 0.446642373046875 0.853864734375 0.453409681640625 0.8828502421875 0.5570015625 0.864734298828125 0.558563248046875 0.861111111328125 0.557522123046875 0.8248792265625 0.54867256640625 0.82004830859375 0.54711087890625 0.812801931640625 0.54867256640625 0.8019323671875 0.5549193125 0.795893720703125 0.55439875 0.786231884765625 0.558042685546875 0.771739130859375 0.5538781875 0.769323671875 0.551795939453125 0.769323671875 0.476314419921875 0.78864734375 0.467464861328125 0.795893720703125 0.447162935546875 0.79710144921875 0.4450806875 0.804347826171875
3 0.467985423828125 0.78864734375 0.472670484375 0.7826086953125 0.46642373828125 0.705314009765625 0.455491931640625 0.7016908203125 0.45249869921875 0.7016908203125 0.440916189453125 0.70289855078125 0.43727225390625 0.708937197265625 0.444560125 0.79347826171875 0.467985423828125 0.78864734375
1 0.635085892578125 0.856280193359375 0.63248308203125 0.842995169921875 0.623112962890625 0.841787439453125 0.621551275390625 0.841787439453125 0.599167099609375 0.84541062890625 0.5986465390625 0.993961353515625 0.635085892578125 0.993961353515625 0.635085892578125 0.856280193359375
1 0.635606455078125 0.99516908203125 0.671004685546875 0.993961353515625 0.669442998046875 0.98550724609375 0.669442998046875 0.9094202890625 0.671004685546875 0.899758455078125 0.675689744140625 0.892512078125 0.678813119140625 0.892512078125 0.6814159296875 0.899758455078125 0.682457052734375 0.88768116015625 0.6814159296875 0.884057970703125 0.676730869140625 0.890096619140625 0.67308693359375 0.87681159375 0.67412805859375 0.857487921875 0.669963560546875 0.855072462890625 0.6668401875 0.841787439453125 0.664014279296875 0.841787439453125 0.636127017578125 0.84541062890625 0.634565330078125 0.861111111328125 0.636127017578125 0.888888888671875 0.635606455078125 0.99516908203125
4 0.595002603515625 0.718599033203125 0.594482041015625 0.739130435546875 0.5970848515625 0.751207728515625 0.5955231640625 0.75483091796875 0.602290474609375 0.751207728515625 0.615304529296875 0.7536231875 0.67308693359375 0.7367149765625 0.671525248046875 0.672705314453125 0.668401875 0.6654589375 0.6652785 0.6654589375 0.60489328515625 0.681159419921875 0.592920353515625 0.688405796875 0.59135866796875 0.71256038671875 0.595002603515625 0.718599033203125
1 0.593961478515625 0.6328502421875 0.5981259765625 0.677536232421875 0.60333159765625 0.67995169140625 0.666319625 0.661835748046875 0.6678813125 0.657004830078125 0.66736075 0.614734298828125 0.664757939453125 0.601449275390625 0.666319625 0.586956521484375 0.664237376953125 0.580917875 0.66111400390625 0.580917875 0.6543466953125 0.586956521484375 0.595002603515625 0.606280193359375 0.593440916015625 0.611111111328125 0.593961478515625 0.6328502421875
1 0.61894846484375 0.591787439453125 0.657470068359375 0.582125603515625 0.6652785 0.5748792265625 0.662155126953125 0.4963768125 0.65903175390625 0.49154589453125 0.657470068359375 0.49154589453125 0.61218115625 0.5096618359375 0.614263404296875 0.553140095703125 0.61842790234375 0.564009662109375 0.61894846484375 0.591787439453125
1 0.6668401875 0.601449275390625 0.668922435546875 0.614734298828125 0.668401875 0.643719806640625 0.67360749609375 0.669082125 0.67464862109375 0.71256038671875 0.677251431640625 0.733091787109375 0.690786048828125 0.733091787109375 0.694429984375 0.72584541015625 0.72930765234375 0.71256038671875 0.72358146875 0.61835748828125 0.72358146875 0.611111111328125 0.726704841796875 0.606280193359375 0.725143154296875 0.564009662109375 0.719416970703125 0.557971013671875 0.72149921875 0.55072463671875 0.718375845703125 0.544685990234375 0.717334720703125 0.53381642578125 0.717334720703125 0.520531400390625 0.72149921875 0.50483091796875 0.719937533203125 0.501207728515625 0.724102029296875 0.493961353515625 0.720458095703125 0.49516908203125 0.72097865625 0.489130435546875 0.718375845703125 0.48550724609375 0.724102029296875 0.484299517578125 0.725663716796875 0.477053140625 0.717855283203125 0.47222222265625 0.71629359765625 0.47222222265625 0.663196251953125 0.497584541015625 0.6652785 0.56038647265625 0.66736075 0.5712560390625 0.6668401875 0.601449275390625
1 0.695471109375 0.75845410546875 0.696512232421875 0.79347826171875 0.698073919921875 0.81038647265625 0.70067673046875 0.81642512109375 0.732431025390625 0.8055555546875 0.7345132734375 0.7983091796875 0.731910462890625 0.747584541015625 0.72826652734375 0.718599033203125 0.727225404296875 0.718599033203125 0.694429984375 0.73188405859375 0.693388859375 0.742753623046875 0.697032794921875 0.751207728515625 0.695471109375 0.75845410546875
4 0.668401875 0.8019323671875 0.67412805859375 0.803140095703125 0.676730869140625 0.814009662109375 0.695471109375 0.81038647265625 0.692868296875 0.751207728515625 0.68662155078125 0.74154589453125 0.684018740234375 0.74154589453125 0.637168140625 0.75 0.635606455078125 0.780193236328125 0.637688703125 0.80676328515625 0.668401875 0.8019323671875
1 0.719416970703125 0.993961353515625 0.82613222265625 0.9963768125 0.828214470703125 0.992753623046875 0.82613222265625 0.954106279296875 0.74440395703125 0.95289855078125 0.74388339453125 0.9516908203125 0.731389900390625 0.955314009765625 0.72878708984375 0.97222222265625 0.724622591796875 0.977053140625 0.719416970703125 0.993961353515625
4 0.748047892578125 0.838164251953125 0.750650703125 0.84903381640625 0.749089015625 0.861111111328125 0.750130140625 0.884057970703125 0.75741801171875 0.892512078125 0.8193649140625 0.87681159375 0.815720978515625 0.814009662109375 0.81415929296875 0.804347826171875 0.81103591796875 0.8019323671875 0.809994794921875 0.8019323671875 0.7787610625 0.80676328515625 0.750130140625 0.818840580078125 0.748047892578125 0.822463767578125 0.748047892578125 0.838164251953125
1 0.802186361328125 0.757246376953125 0.806350859375 0.780193236328125 0.816241541015625 0.780193236328125 0.8198854765625 0.776570048828125 0.822488287109375 0.766908212890625 0.8735033828125 0.742753623046875 0.866215513671875 0.643719806640625 0.856324830078125 0.6171497578125 0.857886517578125 0.609903380859375 0.859968765625 0.61835748828125 0.862051015625 0.61835748828125 0.862051015625 0.59903381640625 0.858927642578125 0.5905797109375 0.858927642578125 0.583333333984375 0.85424258203125 0.57608695703125 0.850858927734375 0.57608695703125 0.828735033203125 0.582125603515625 0.806871421875 0.5942028984375 0.79750130078125 0.60869565234375 0.802186361328125 0.757246376953125
1 0.893805310546875 0.607487921875 0.891202498046875 0.614734298828125 0.893805310546875 0.61835748828125 0.89588755859375 0.6364734296875 0.893805310546875 0.64130434765625 0.89744924609375 0.646135265625 0.900572619140625 0.681159419921875 0.899531494140625 0.687198068359375 0.89588755859375 0.688405796875 0.898490369140625 0.692028986328125 0.89640812109375 0.696859904296875 0.898490369140625 0.69927536328125 0.897969806640625 0.71256038671875 0.900052056640625 0.7210144921875 0.898490369140625 0.73188405859375 0.900052056640625 0.734299517578125 0.9593961484375 0.70772946875 0.95210827734375 0.625603865234375 0.927641853515625 0.635265701171875 0.925559603515625 0.63164251171875 0.92347735546875 0.57971014453125 0.918271734375 0.535024154296875 0.919312857421875 0.522946859375 0.917230609375 0.520531400390625 0.915148359375 0.520531400390625 0.8896408125 0.5326086953125 0.890681935546875 0.57608695703125 0.893805310546875 0.58937198046875 0.893805310546875 0.607487921875
1 0.454450806640625 0.51811594140625 0.4586153046875 0.54347826171875 0.4570536171875 0.5483091796875 0.4596564296875 0.55676328515625 0.472670484375 0.554347826171875 0.524726705078125 0.520531400390625 0.525247267578125 0.5132850234375 0.52108276953125 0.4903381640625 0.523685580078125 0.46618357421875 0.52108276953125 0.399758455078125 0.5153565859375 0.36835748828125 0.5153565859375 0.34903381640625 0.50702758984375 0.33574879296875 0.504424779296875 0.33574879296875 0.442477876953125 0.369565216796875 0.45080687109375 0.473429951171875 0.453930244140625 0.480676328125 0.454450806640625 0.51811594140625
1 0.419052576171875 0.26449275390625 0.4039562734375 0.271739130859375 0.4023945859375 0.275362318359375 0.4029151484375 0.28743961328125 0.40916189453125 0.291062802734375 0.4039562734375 0.2983091796875 0.40812076953125 0.3405797109375 0.471108796875 0.309178744140625 0.468505986328125 0.275362318359375 0.462259240234375 0.24516908203125 0.461218115234375 0.24516908203125 0.441957314453125 0.251207728515625 0.42529932421875 0.2632850234375 0.42373763671875 0.26811594140625 0.419052576171875 0.26449275390625
1 0.40812076953125 0.234299517578125 0.40968245703125 0.25845410546875 0.411764705078125 0.260869564453125 0.418532013671875 0.25483091796875 0.440395626953125 0.251207728515625 0.48047891796875 0.23188405859375 0.483081728515625 0.22222222265625 0.47787610546875 0.1594202890625 0.474752732421875 0.144927537109375 0.473711609375 0.144927537109375 0.39562727734375 0.184782609375 0.39614783984375 0.224637681640625 0.398230087890625 0.230676328125 0.40812076953125 0.234299517578125
4 0.54763144140625 0.205314009765625 0.553357626953125 0.2632850234375 0.560645498046875 0.26449275390625 0.621551275390625 0.2403381640625 0.623112962890625 0.23550724609375 0.620510150390625 0.196859904296875 0.61634565234375 0.169082125 0.613482560546875 0.169082125 0.572618427734375 0.184782609375 0.564809994140625 0.192028986328125 0.54867256640625 0.1944444453125 0.54763144140625 0.205314009765625
4 0.61738677734375 0.152173912109375 0.615825091796875 0.11835748828125 0.614263404296875 0.09541062890625 0.61166059375 0.092995169921875 0.61114003125 0.091787439453125 0.544508068359375 0.12198067578125 0.54867256640625 0.18961352734375 0.615825091796875 0.1654589375 0.61738677734375 0.152173912109375
4 0.56168662109375 0.318840580078125 0.585111919921875 0.315217390625 0.60489328515625 0.3055555546875 0.60437272265625 0.27415458984375 0.600728787109375 0.251207728515625 0.5976054140625 0.251207728515625 0.559083810546875 0.266908212890625 0.558042685546875 0.270531400390625 0.56168662109375 0.286231884765625 0.56168662109375 0.318840580078125
4 0.564289431640625 0.4516908203125 0.572618427734375 0.464975845703125 0.578865173828125 0.464975845703125 0.61270171875 0.460144927734375 0.636127017578125 0.450483091796875 0.637688703125 0.431159419921875 0.636647580078125 0.402173912109375 0.63248308203125 0.38768116015625 0.63092139453125 0.353864734375 0.621551275390625 0.356280193359375 0.61842790234375 0.338164251953125 0.615304529296875 0.333333333984375 0.61218115625 0.333333333984375 0.56324830859375 0.3405797109375 0.555439875 0.347826087890625 0.555439875 0.403381642578125 0.564289431640625 0.4516908203125
1 0.6808953671875 0.40096618359375 0.749609578125 0.402173912109375 0.753774076171875 0.396135265625 0.75741801171875 0.364734298828125 0.75689744921875 0.333333333984375 0.754815201171875 0.32971014453125 0.72878708984375 0.327294685546875 0.72615825 0.327294685546875 0.67360749609375 0.32971014453125 0.67360749609375 0.380434783203125 0.677251431640625 0.407004830078125 0.6808953671875 0.40096618359375
1 0.676210306640625 0.272946859375 0.678813119140625 0.29347826171875 0.677251431640625 0.299516908203125 0.6803748046875 0.30676328515625 0.6798542421875 0.31642512109375 0.68870380078125 0.32004830859375 0.694950546875 0.314009662109375 0.703279541015625 0.322463767578125 0.725143154296875 0.322463767578125 0.727225404296875 0.31038647265625 0.727225404296875 0.25483091796875 0.725663716796875 0.2536231875 0.72306090625 0.2536231875 0.696512232421875 0.256038646484375 0.68662155078125 0.265700482421875 0.6814159296875 0.276570048828125 0.676210306640625 0.272946859375
1 0.543987505859375 0.114734298828125 0.552837064453125 0.115942029296875 0.61634565234375 0.08574879296875 0.614783966796875 0.03864734375 0.607496095703125 0.019323671875 0.60463300390625 0.019323671875 0.578344611328125 0.025362318359375 0.565851119140625 0.035024154296875 0.538781884765625 0.04227053125 0.543987505859375 0.114734298828125
1 0.53357626171875 0 0.53461738671875 0.036231884765625 0.536699634765625 0.039855072265625 0.5559604375 0.036231884765625 0.578344611328125 0.022946859375 0.61061946875 0.016908212890625 0.61686621484375 0.0132850234375 0.615825091796875 0.00483091796875 0.61790733984375 0 0.615271994140625 0 0.53357626171875 0
1 0.66059344140625 0 0.66007287890625 0.021739130859375 0.663196251953125 0.044685990234375 0.668922435546875 0.059178744140625 0.693909421875 0.0555555546875 0.704841228515625 0.04710144921875 0.718896408203125 0.053140095703125 0.74180114453125 0.054347826171875 0.744924517578125 0.044685990234375 0.74440395703125 0 0.741784876953125 0 0.66059344140625 0
1 0.752732951171875 0 0.751171265625 0.072463767578125 0.753774076171875 0.077294685546875 0.85372201953125 0.083333333984375 0.856324830078125 0.073671498046875 0.85580426953125 0.031400966796875 0.857886517578125 0.00845410546875 0.84070796484375 0.006038646484375 0.838105154296875 0 0.836022904296875 0.0036231875 0.83237896875 0 0.8297241015625 0 0.752732951171875 0
4 0.75793857421875 0.31642512109375 0.758979697265625 0.3212560390625 0.7636647578125 0.323671498046875 0.766788130859375 0.33574879296875 0.767308693359375 0.34541062890625 0.7652264453125 0.34903381640625 0.7641853203125 0.364734298828125 0.775637689453125 0.3671497578125 0.780322748046875 0.361111111328125 0.7782405 0.357487921875 0.779281625 0.35265700390625 0.78344612109375 0.356280193359375 0.78500780859375 0.3405797109375 0.787090056640625 0.338164251953125 0.78500780859375 0.3345410625 0.786569494140625 0.32971014453125 0.781884435546875 0.330917875 0.7777199375 0.32608695703125 0.78552837109375 0.3212560390625 0.7907339921875 0.21256038671875 0.7631441953125 0.20652173828125 0.760124935546875 0.20652173828125 0.748047892578125 0.20652173828125 0.747006767578125 0.24154589453125 0.760541384765625 0.247584541015625 0.75793857421875 0.31642512109375
4 0.807391982421875 0.205314009765625 0.808953669921875 0.17391304296875 0.807391982421875 0.15096618359375 0.779802185546875 0.148550724609375 0.777057404296875 0.148550724609375 0.748047892578125 0.149758455078125 0.746486205078125 0.172705314453125 0.748047892578125 0.205314009765625 0.807391982421875 0.205314009765625
4 0.807912544921875 0.144927537109375 0.808953669921875 0.08574879296875 0.777199375 0.080917875 0.774336283203125 0.080917875 0.754294638671875 0.080917875 0.751691828125 0.0845410625 0.752212388671875 0.143719806640625 0.807912544921875 0.144927537109375
4 0.75533576171875 0.323671498046875 0.75689744921875 0.2826086953125 0.759500259765625 0.26811594140625 0.759500259765625 0.257246376953125 0.75741801171875 0.2536231875 0.754554919921875 0.2536231875 0.72774596484375 0.256038646484375 0.727225404296875 0.3248792265625 0.752212388671875 0.327294685546875 0.75533576171875 0.323671498046875
1 0.9994794375 0.993961353515625 0.996876626953125 0.9903381640625 0.996876626953125 0.980676328125 0.9994794375 0.978260869140625 0.995314939453125 0.9673913046875 0.99427381640625 0.927536232421875 0.99271212890625 0.927536232421875 0.8885996875 0.954106279296875 0.891202498046875 0.98550724609375 0.890161375 0.993961353515625 0.9994794375 0.993961353515625
4 0.890681935546875 0.989130435546875 0.887038001953125 0.955314009765625 0.884435189453125 0.955314009765625 0.829776158203125 0.968599033203125 0.828735033203125 0.993961353515625 0.88912025 0.99516908203125 0.890681935546875 0.989130435546875
4 0.310255076171875 0 0.309734513671875 0.021739130859375 0.302967205078125 0.044685990234375 0.301926080078125 0.057971013671875 0.305570015625 0.083333333984375 0.31181676171875 0.091787439453125 0.308693388671875 0.10265700390625 0.31129619921875 0.114734298828125 0.315460697265625 0.1171497578125 0.333680375 0.109903380859375 0.345132744140625 0.086956521484375 0.361270171875 0.07608695703125 0.359187923828125 0.072463767578125 0.360749609375 0.068840580078125 0.38105153515625 0.062801931640625 0.404997396484375 0.04347826171875 0.40812076953125 0.036231884765625 0.40812076953125 0.0289855078125 0.406559083984375 0.007246376953125 0.4034357109375 0 0.40077340625 0 0.310255076171875 0
5 0.920353982421875 0.163043478515625 0.912024986328125 0.190821255859375 0.9021343046875 0.1980676328125 0.898490369140625 0.208937197265625 0.88339406640625 0.228260869140625 0.88027069140625 0.252415458984375 0.8766267578125 0.2596618359375 0.8745445078125 0.280193236328125 0.88027069140625 0.286231884765625 0.884435189453125 0.276570048828125 0.8875585625 0.280193236328125 0.886517439453125 0.286231884765625 0.888079125 0.28864734375 0.89692868359375 0.28743961328125 0.906819365234375 0.2789855078125 0.927121291015625 0.28381642578125 0.928682978515625 0.28743961328125 0.9292035390625 0.317632849609375 0.933368037109375 0.32971014453125 0.93597084765625 0.34903381640625 0.94429984375 0.36231883984375 0.9588755859375 0.364734298828125 0.96564289453125 0.375603865234375 0.96564289453125 0.402173912109375 0.968245705078125 0.413043478515625 0.96408120703125 0.434782609375 0.967204580078125 0.4673913046875 0.972930765625 0.47222222265625 0.9843831328125 0.47222222265625 0.990629880859375 0.4673913046875 0.99375325390625 0.47584541015625 0.995835501953125 0.4673913046875 0.995314939453125 0.446859904296875 0.997397189453125 0.4287439609375 0.997397189453125 0.35265700390625 0.9994794375 0.351449275390625 0.9994794375 0.3442028984375 0.997397189453125 0.342995169921875 0.997397189453125 0.3345410625 0.9994794375 0.332125603515625 0.997397189453125 0.330917875 0.996876626953125 0.31038647265625 0.997397189453125 0.256038646484375 0.9994794375 0.25483091796875 0.997397189453125 0.2536231875 0.997397189453125 0.24154589453125 0.9994794375 0.2403381640625 0.9994794375 0.233091787109375 0.997397189453125 0.23188405859375 0.9994794375 0.229468599609375 0.9994794375 0.219806763671875 0.996876626953125 0.21618357421875 0.997397189453125 0.15458937109375 0.9994794375 0.148550724609375 0.995835501953125 0.143719806640625 0.99219156640625 0.143719806640625 0.96408120703125 0.1557971015625 0.954190525390625 0.148550724609375 0.93805309765625 0.146135265625 0.920353982421875 0.163043478515625
4 0.726704841796875 0.64130434765625 0.732431025390625 0.73550724609375 0.7371160859375 0.7403381640625 0.7636647578125 0.728260869140625 0.758979697265625 0.66425120703125 0.750130140625 0.649758455078125 0.740239458984375 0.620772947265625 0.739198333984375 0.607487921875 0.7350338359375 0.607487921875 0.727225404296875 0.61835748828125 0.73034877734375 0.62801932421875 0.72826652734375 0.629227052734375 0.726704841796875 0.64130434765625
4 0.7766788125 0.677536232421875 0.777199375 0.73188405859375 0.779281625 0.739130435546875 0.780843310546875 0.775362318359375 0.782925560546875 0.7789855078125 0.802186361328125 0.77415458984375 0.794898490234375 0.607487921875 0.7933368046875 0.607487921875 0.775117126953125 0.6135265703125 0.77147319140625 0.62318840625 0.77147319140625 0.6557971015625 0.7766788125 0.677536232421875