2 0 0.5377574375 0.036188177734375 0.556064072265625 0.037394451171875 0.549199083984375 0.0446320859375 0.556064072265625 0.12183353515625 0.5514874140625 0.197828708984375 0.5629290625 0.21833534375 0.55835240234375 0.227985525390625 0.567505720703125 0.23642943359375 0.55835240234375 0.376357056640625 0.567505720703125 0.381182146484375 0.54462242578125 0.379975875 0.524027458984375 0.36308805859375 0.517162470703125 0.355850421875 0.53089244921875 0.2979493359375 0.51945080078125 0.2629674296875 0.521739130859375 0.255729794921875 0.53089244921875 0.24728588671875 0.514874142578125 0.23642943359375 0.542334095703125 0.234016888671875 0.53318077734375 0.221954162109375 0.53089244921875 0.21833534375 0.517162470703125 0.20144752734375 0.5125858125 0.168878166015625 0.510297482421875 0.16525934765625 0.524027458984375 0.1495778046875 0.524027458984375 0.145958986328125 0.489702517578125 0.137515078125 0.50572082421875 0.094089263671875 0.503432494140625 0.078407720703125 0.5011441640625 0.07478890234375 0.485125857421875 0.066344994140625 0.485125857421875 0.05186972265625 0.489702517578125 0.037394451171875 0.514874142578125 0.0229191796875 0.5125858125 0.013268998046875 0.49199084765625 0 0.489702517578125 0.003618818359375 0.5011441640625 0 0.503432494140625 0 0.5377574375
1 0.048250904296875 0.48054919921875 0.147165259765625 0.485125857421875 0.14837153125 0.421052630859375 0.094089263671875 0.4233409609375 0.07599517578125 0.400457666015625 0.07478890234375 0.400457666015625 0.0687575390625 0.409610984375 0.043425814453125 0.409610984375 0.043425814453125 0.464530892578125 0.048250904296875 0.48054919921875
1 0.238841978515625 0.48054919921875 0.238841978515625 0.443935927734375 0.231604341796875 0.446224255859375 0.227985525390625 0.425629291015625 0.22557298046875 0.432494279296875 0.191797345703125 0.43020594921875 0.17852834765625 0.414187642578125 0.1737032578125 0.414187642578125 0.16767189453125 0.434782609375 0.168878166015625 0.482837529296875 0.21833534375 0.489702517578125 0.238841978515625 0.48054919921875
1 0.266586248046875 0.496567505859375 0.289505427734375 0.4988558359375 0.29191797265625 0.4370709375 0.28106151953125 0.432494279296875 0.273220748046875 0.432494279296875 0.2653799765625 0.432494279296875 0.2629674296875 0.44164759765625 0.260554884765625 0.485125857421875 0.266586248046875 0.496567505859375
3 0.2870928828125 0.432494279296875 0.295536791015625 0.43020594921875 0.296743064453125 0.361556064453125 0.289505427734375 0.361556064453125 0.279855248046875 0.36613272265625 0.277442701171875 0.40274599609375 0.277442701171875 0.425629291015625 0.2870928828125 0.432494279296875
4 0.2171290703125 0.215102974609375 0.260554884765625 0.2173913046875 0.260554884765625 0.155606408203125 0.254282267578125 0.155606408203125 0.229191796875 0.155606408203125 0.227985525390625 0.17162471484375 0.215922798828125 0.183066361328125 0.2171290703125 0.215102974609375
3 0.20024125390625 0.157894736328125 0.1966224375 0.157894736328125 0.1966224375 0.22425629296875 0.207478890625 0.226544623046875 0.209891435546875 0.162471396484375 0.20024125390625 0.157894736328125
3 0.194209890625 0.228832951171875 0.193003619140625 0.226544623046875 0.18938480078125 0.27688787109375 0.20144752734375 0.28146453125 0.205066345703125 0.233409611328125 0.194209890625 0.228832951171875
1 0.110977080078125 0.30663615625 0.094089263671875 0.29977116796875 0.088057900390625 0.29977116796875 0.0796139921875 0.30205949609375 0.0796139921875 0.33867276953125 0.10856453515625 0.3455377578125 0.110977080078125 0.30663615625
4 0.168878166015625 0.03203661328125 0.16224366796875 0.03203661328125 0.15440289453125 0.034324943359375 0.15440289453125 0.068649884765625 0.1712907109375 0.066361556640625 0.168878166015625 0.03203661328125
4 0.4837153203125 0.663615560546875 0.501809408203125 0.665903890625 0.5066345 0.590389015625 0.4945717734375 0.585812357421875 0.4933655 0.58352402734375 0.484921591796875 0.585812357421875 0.482509046875 0.59496567578125 0.481302775390625 0.6544622421875 0.4837153203125 0.663615560546875
1 0.560916767578125 0.739130435546875 0.566948130859375 0.588100685546875 0.550060314453125 0.58352402734375 0.54644149609375 0.58352402734375 0.537997587890625 0.588100685546875 0.530759951171875 0.707093822265625 0.524728587890625 0.739130435546875 0.560916767578125 0.739130435546875
1 0.5633293125 0.739130435546875 0.620024125 0.73684210546875 0.622436669921875 0.6796338671875 0.612786490234375 0.684210525390625 0.605548853515625 0.6270022890625 0.582629673828125 0.617848970703125 0.587454765625 0.606407322265625 0.58504221875 0.590389015625 0.577804583984375 0.590389015625 0.570566947265625 0.592677345703125 0.571773220703125 0.617848970703125 0.566948130859375 0.62242562890625 0.5633293125 0.739130435546875
1 0.611580216796875 0.670480548828125 0.644149578125 0.670480548828125 0.647768396484375 0.590389015625 0.623642943359375 0.58352402734375 0.6171290703125 0.58352402734375 0.59107358203125 0.58352402734375 0.589867310546875 0.620137298828125 0.609167671875 0.6292906171875 0.611580216796875 0.670480548828125
1 0.645355849609375 0.585812357421875 0.63691194140625 0.585812357421875 0.611580216796875 0.592677345703125 0.6103739453125 0.66819221875 0.644149578125 0.66819221875 0.645355849609375 0.585812357421875
1 0.698431845703125 0.798627001953125 0.680337755859375 0.79405034375 0.680337755859375 0.739130435546875 0.674306392578125 0.739130435546875 0.65983112109375 0.745995423828125 0.657418576171875 0.8581235703125 0.697225572265625 0.855835240234375 0.698431845703125 0.798627001953125
1 0.76477683984375 0.6292906171875 0.794933654296875 0.620137298828125 0.79855247265625 0.640732265625 0.790108564453125 0.76201373046875 0.82267792578125 0.76430205859375 0.829915560546875 0.585812357421875 0.756332931640625 0.585812357421875 0.755126658203125 0.58352402734375 0.74668275 0.588100685546875 0.74065138671875 0.752860412109375 0.756332931640625 0.759725400390625 0.76477683984375 0.6292906171875
1 0.745476478515625 0.590389015625 0.74065138671875 0.585812357421875 0.73301166015625 0.585812357421875 0.70808202734375 0.590389015625 0.70687575390625 0.66132723046875 0.743063931640625 0.663615560546875 0.745476478515625 0.590389015625
1 0.93606755078125 0.720823798828125 0.944511458984375 0.70022883203125 0.950542822265625 0.640732265625 0.933655005859375 0.643020595703125 0.928829916015625 0.66132723046875 0.866103740234375 0.66132723046875 0.862484921875 0.656750572265625 0.864897466796875 0.620137298828125 0.881785283203125 0.613272310546875 0.884197828125 0.590389015625 0.875753919921875 0.588100685546875 0.868918375 0.588100685546875 0.85524728515625 0.588100685546875 0.848009650390625 0.59725400390625 0.843184560546875 0.716247138671875 0.93606755078125 0.720823798828125
1 0.927623642578125 0.848970251953125 0.9203860078125 0.848970251953125 0.915560916015625 0.881006865234375 0.967430638671875 0.887871853515625 0.968636912109375 0.8604118984375 0.927623642578125 0.848970251953125
1 0.96984318359375 0.844393591796875 0.98311218359375 0.796338671875 0.992762365234375 0.72540045703125 0.990349818359375 0.71167048046875 0.980699638671875 0.709382150390625 0.975874546875 0.709382150390625 0.968636912109375 0.713958810546875 0.954161640625 0.823798626953125 0.954161640625 0.8329519453125 0.96984318359375 0.844393591796875
4 0.92400482421875 0.475972541015625 0.9312424609375 0.40503432421875 0.889022919921875 0.39130434765625 0.884197828125 0.39130434765625 0.884197828125 0.443935927734375 0.911942099609375 0.450800916015625 0.909529552734375 0.46681922265625 0.92400482421875 0.475972541015625
1 0.83232810546875 0.457665904296875 0.85645355859375 0.46910755078125 0.863691193359375 0.386727689453125 0.83474065234375 0.379862701171875 0.83353437890625 0.37757437109375 0.827503015625 0.3958810078125 0.827503015625 0.411899314453125 0.83474065234375 0.418764302734375 0.83232810546875 0.457665904296875
2 0.986731001953125 0.6041189921875 0.967430638671875 0.610983982421875 0.990349818359375 0.613272310546875 0.99396863671875 0.546910755859375 0.967430638671875 0.54462242578125 0.9662243671875 0.542334095703125 0.94692400390625 0.54462242578125 0.94692400390625 0.5629290625 0.93727382421875 0.58352402734375 0.986731001953125 0.6041189921875
2 0.452352232421875 0.574370708984375 0.463208685546875 0.560640732421875 0.46562123046875 0.57208237890625 0.474065138671875 0.574370708984375 0.48733413671875 0.560640732421875 0.492159228515625 0.565217390625 0.48974668359375 0.57208237890625 0.495778044921875 0.57208237890625 0.496984318359375 0.5629290625 0.498190591796875 0.574370708984375 0.5066345 0.581235697265625 0.6429433046875 0.58352402734375 0.657418576171875 0.56979405078125 0.697225572265625 0.574370708984375 0.704463208984375 0.58352402734375 0.811821470703125 0.578947369140625 0.831121833984375 0.574370708984375 0.8395657421875 0.549199083984375 0.83232810546875 0.553775744140625 0.8287092890625 0.546910755859375 0.755126658203125 0.53089244921875 0.74668275 0.53089244921875 0.743063931640625 0.54462242578125 0.738238841796875 0.54462242578125 0.7346200234375 0.53318077734375 0.721351025390625 0.5377574375 0.716525935546875 0.53089244921875 0.669481302734375 0.5263157890625 0.665862484375 0.53318077734375 0.630880578125 0.53089244921875 0.6079613984375 0.546910755859375 0.599517490234375 0.535469107421875 0.548854041015625 0.535469107421875 0.54523522265625 0.524027458984375 0.524728587890625 0.517162470703125 0.521109771484375 0.524027458984375 0.515078408203125 0.517162470703125 0.498190591796875 0.524027458984375 0.495778044921875 0.514874142578125 0.46562123046875 0.5125858125 0.4487334140625 0.521739130859375 0.428226779296875 0.5125858125 0.427020505859375 0.510297482421875 0.420989142578125 0.5125858125 0.41495778125 0.535469107421875 0.422195416015625 0.567505720703125 0.452352232421875 0.574370708984375