4 0.028176501953125 0.959365708984375 0.0233918125 0.96233894921875 0.02126528515625 0.9890981171875 0.022328548828125 0.999008919921875 0.11004784765625 0.999008919921875 0.1127060078125 0.9930624375 0.11589580078125 0.9672943515625 0.11536416796875 0.930624380859375 0.0531632109375 0.920713578125 0.050239234375 0.920713578125 0.0414673046875 0.9246778984375 0.03880914453125 0.94251734375 0.03296119140625 0.948463826171875 0.028176501953125 0.959365708984375
0 0.1938236640625 0.730945494140625 0.164984455078125 0.3191558828125 0.110009673828125 0.356132916015625 0.189317533203125 0.974657677734375 0.246094806640625 0.961211435546875 0.1938236640625 0.730945494140625
4 0.12068048828125 0.948463826171875 0.119085591796875 0.95639246875 0.12652844140625 0.965312189453125 0.138224349609375 0.966303271484375 0.157894736328125 0.97621407421875 0.172780435546875 0.977205154296875 0.177565125 0.966303271484375 0.182349814453125 0.871159564453125 0.183413078125 0.797819623046875 0.1780967578125 0.78989098046875 0.13290802734375 0.782953419921875 0.129718234375 0.782953419921875 0.12387028125 0.791873142578125 0.120148857421875 0.87215064453125 0.119085591796875 0.943508423828125 0.12068048828125 0.948463826171875
1 0.028176501953125 0.7661050546875 0.0648591171875 0.769078294921875 0.087719298828125 0.7770069375 0.09144072265625 0.774033697265625 0.093567251953125 0.763131814453125 0.095693779296875 0.71060455859375 0.093567251953125 0.685827552734375 0.034556087890625 0.6798810703125 0.03189792578125 0.6798810703125 0.028708134765625 0.682854310546875 0.02658160546875 0.69573835546875 0.02604997265625 0.7591674921875 0.028176501953125 0.7661050546875
1 0.03189792578125 0.83647175390625 0.03189792578125 0.84142715625 0.028176501953125 0.846382556640625 0.030834662109375 0.863230921875 0.034024455078125 0.869177404296875 0.034024455078125 0.90089197265625 0.039340775390625 0.913776015625 0.046783625 0.919722498046875 0.054758107421875 0.919722498046875 0.057416267578125 0.91575817578125 0.057416267578125 0.856293359375 0.060074427734375 0.828543111328125 0.0590111640625 0.790882060546875 0.05582137109375 0.7839445 0.052454369140625 0.7839445 0.036682615234375 0.78592666015625 0.027644869140625 0.795837462890625 0.024455076171875 0.805748265625 0.03189792578125 0.83647175390625
4 0.03030303125 0.66402378515625 0.07389686328125 0.669970267578125 0.082934609375 0.674925669921875 0.09144072265625 0.673934587890625 0.0940988828125 0.669970267578125 0.0940988828125 0.6580773046875 0.096757044921875 0.654112982421875 0.09728867578125 0.632309216796875 0.096757044921875 0.61149653125 0.0951621484375 0.605550048828125 0.046251994140625 0.597621408203125 0.04346092578125 0.597621408203125 0.03508771875 0.597621408203125 0.03189792578125 0.60257680859375 0.029239765625 0.659068384765625 0.03030303125 0.66402378515625
1 0.054226474609375 0.53022794921875 0.072833599609375 0.53022794921875 0.07921318359375 0.532210109375 0.078681552734375 0.537165509765625 0.096225412109375 0.5361744296875 0.09782030859375 0.532210109375 0.10047846875 0.4350842421875 0.099415205078125 0.362735380859375 0.096225412109375 0.359762140625 0.066454013671875 0.35777998046875 0.06166932421875 0.3488602578125 0.043593833984375 0.34687809765625 0.04053694921875 0.34687809765625 0.031366294921875 0.34687809765625 0.028708134765625 0.35084241796875 0.02604997265625 0.5213082265625 0.054226474609375 0.53022794921875
0 0 0.344367486328125 0.108207181640625 0.3594944765625 0.15507098046875 0.324198189453125 0.001855220703125 0.28910669921875 0 0.34100592578125 0 0.344367486328125
1 0.092503986328125 0.30029732421875 0.146198830078125 0.312190287109375 0.149388623046875 0.258671953125 0.10047846875 0.245787908203125 0.09782030859375 0.245787908203125 0.093035619140625 0.250743310546875 0.090377458984375 0.288404361328125 0.090377458984375 0.29633300390625 0.092503986328125 0.30029732421875
1 0 0.257680873046875 0.00956937890625 0.2626362734375 0.02073365234375 0.259663033203125 0.055289740234375 0.261645193359375 0.05688463671875 0.258671953125 0.05847953125 0.222001982421875 0.05688463671875 0.208126857421875 0.0590111640625 0.168483646484375 0.05635300390625 0.119920712890625 0.057947900390625 0.07730426171875 0.0531632109375 0.07333994140625 0.01488569921875 0.071357779296875 0.01190855859375 0.071357779296875 0 0.071357779296875 0 0.24281466796875 0.01541733203125 0.2477700703125 0 0.251734390625 0 0.257680873046875
0 0.0590111640625 0 0.0590111640625 0.01288404296875 0.06858054296875 0.051536173828125 0.070175439453125 0.067393458984375 0.06858054296875 0.096134787109375 0.0707070703125 0.107036669921875 0.06858054296875 0.17046580859375 0.064327486328125 0.188305251953125 0.060074427734375 0.184340931640625 0.0590111640625 0.197224974609375 0.061137693359375 0.234886025390625 0.0590111640625 0.256689791015625 0.061137693359375 0.259663033203125 0.0834662421875 0.261645193359375 0.086656033203125 0.2556987109375 0.0893141953125 0.202180376953125 0.092503986328125 0.18136769140625 0.090909091796875 0.1694747265625 0.092503986328125 0.15857284375 0.09197235546875 0.1010901875 0.096757044921875 0.04459861328125 0.095693779296875 0.016848365234375 0.09728867578125 0 0.094554568359375 0 0.0590111640625 0
4 0.10366826171875 0.0535183359375 0.1307815 0.05252725390625 0.14247740625 0.0178394453125 0.143009037109375 0.00495540234375 0.141414140625 0.0039643203125 0.107921318359375 0.00198216015625 0.1068580546875 0.00198216015625 0.102073365234375 0.00495540234375 0.0999468359375 0.016848365234375 0.0999468359375 0.04856293359375 0.10366826171875 0.0535183359375
4 0.295055822265625 0.111000990234375 0.303561935546875 0.111992072265625 0.308346625 0.107036669921875 0.311536416015625 0.08126858203125 0.30994151953125 0.0535183359375 0.255715044921875 0.035678890625 0.253056884765625 0.035678890625 0.249335458984375 0.038652130859375 0.24561403515625 0.083250744140625 0.246677298828125 0.093161546875 0.295055822265625 0.111000990234375
0 0.929310916015625 0.477589892578125 0.75937482421875 0.4378535 0.316569142578125 0.255584310546875 0.312863642578125 0.21325641796875 0.238753904296875 0.175247669921875 0.208183626953125 0.28668238671875 0.564783654296875 0.413666095703125 0.926994986328125 0.517326287109375 0.929310916015625 0.477589892578125
1 0.32270069140625 0.23191278515625 0.324295587890625 0.234886025390625 0.330143541015625 0.2408325078125 0.35778841015625 0.24975223046875 0.3604465703125 0.2556987109375 0.372674109375 0.257680873046875 0.380116958984375 0.26660059375 0.407761828125 0.272547076171875 0.413078150390625 0.2556987109375 0.421052630859375 0.182358771484375 0.339181287109375 0.142715560546875 0.3370547578125 0.142715560546875 0.33386496484375 0.14965312109375 0.32854864453125 0.19920713671875 0.323763955078125 0.22101090234375 0.32270069140625 0.23191278515625
4 0.34077618359375 0.142715560546875 0.37639553515625 0.15659068359375 0.38171185546875 0.12388503515625 0.382775119140625 0.094152626953125 0.38702817578125 0.0753221015625 0.3498139296875 0.05748265625 0.349282296875 0.056491576171875 0.343965974609375 0.072348859375 0.341839447265625 0.1040634296875 0.336523126953125 0.137760158203125 0.34077618359375 0.142715560546875
4 0.52099946875 0.14965312109375 0.51143008984375 0.153617443359375 0.50664540234375 0.209117939453125 0.49973418359375 0.223984142578125 0.50026581640625 0.23587710546875 0.494949494140625 0.265609513671875 0.49441786328125 0.29633300390625 0.4912280703125 0.3131813671875 0.49335459765625 0.32408325 0.50558213671875 0.330029732421875 0.53003721484375 0.333994052734375 0.540669857421875 0.34687809765625 0.55980861328125 0.35084241796875 0.561935140625 0.34687809765625 0.56512493359375 0.310208126953125 0.569909623046875 0.2913776015625 0.57044125390625 0.26660059375 0.57735247265625 0.248761150390625 0.580542265625 0.23191278515625 0.58266879296875 0.197224974609375 0.581073896484375 0.171456888671875 0.584263689453125 0.143706640625 0.58266879296875 0.130822595703125 0.56459330078125 0.121902875 0.563530037109375 0.121902875 0.560340244140625 0.1258671953125 0.5560871875 0.155599603515625 0.55289739453125 0.16352824609375 0.52099946875 0.14965312109375
0 0.614035087890625 0 0.616161615234375 0.045589693359375 0.614566720703125 0.080277501953125 0.60978203125 0.117938552734375 0.614566720703125 0.153617443359375 0.61244019140625 0.19920713671875 0.6092503984375 0.217046580078125 0.604997341796875 0.22497522265625 0.60074428515625 0.2626362734375 0.589580009765625 0.26759167578125 0.590111642578125 0.27552031640625 0.595427962890625 0.28245787890625 0.59436469921875 0.28939544140625 0.58904837890625 0.2983151640625 0.586921849609375 0.326065412109375 0.58904837890625 0.330029732421875 0.589580009765625 0.351833498046875 0.595427962890625 0.367690783203125 0.605528974609375 0.366699703125 0.608718767578125 0.36174430078125 0.60606060546875 0.356788900390625 0.60659223828125 0.332011892578125 0.614035087890625 0.32210108984375 0.619351408203125 0.26759167578125 0.625730994140625 0.237859265625 0.6454013828125 0.237859265625 0.660818712890625 0.244796828125 0.666666666015625 0.2408325078125 0.66613503515625 0.173439048828125 0.6687931953125 0.166501486328125 0.666666666015625 0.14965312109375 0.669324828125 0.126858275390625 0.67198298828125 0.122893955078125 0.676236044921875 0.069375619140625 0.682083998046875 0.0535183359375 0.6804891015625 0.0247770078125 0.685273791015625 0 0.68253383984375 0 0.614035087890625 0
1 0.610845294921875 0.366699703125 0.625199361328125 0.373637263671875 0.6337054765625 0.366699703125 0.640085060546875 0.366699703125 0.672514619140625 0.378592666015625 0.67783094140625 0.383548068359375 0.687931951171875 0.382556986328125 0.692716640625 0.32903865234375 0.69537480078125 0.31813676953125 0.6980329609375 0.270564916015625 0.69005848046875 0.263627353515625 0.6337054765625 0.239841427734375 0.6302498671875 0.239841427734375 0.625730994140625 0.2408325078125 0.62413609765625 0.24677898828125 0.60978203125 0.356788900390625 0.610845294921875 0.366699703125
1 0.587453482421875 0.135777998046875 0.592769802734375 0.1407333984375 0.604465708984375 0.142715560546875 0.60606060546875 0.14172448046875 0.6150983515625 0.04459861328125 0.598086125 0.0396432109375 0.59489633203125 0.0396432109375 0.59117490625 0.04856293359375 0.587453482421875 0.0753221015625 0.584263689453125 0.126858275390625 0.587453482421875 0.135777998046875
1 0.685273791015625 0.254707630859375 0.688463583984375 0.239841427734375 0.68899521484375 0.194251734375 0.694311537109375 0.143706640625 0.692716640625 0.129831515625 0.68367889453125 0.126858275390625 0.678894205078125 0.126858275390625 0.675704412109375 0.136769078125 0.669324828125 0.245787908203125 0.6804891015625 0.256689791015625 0.685273791015625 0.254707630859375
1 0.71823498046875 0.184340931640625 0.7166400859375 0.191278494140625 0.71345029296875 0.232903865234375 0.716108453125 0.237859265625 0.724082935546875 0.239841427734375 0.72514619921875 0.251734390625 0.729930888671875 0.263627353515625 0.74800637890625 0.274529236328125 0.75970228515625 0.133795837890625 0.74906964453125 0.124876115234375 0.737905369140625 0.121902875 0.7341839453125 0.121902875 0.727804359375 0.153617443359375 0.7272727265625 0.17839444921875 0.72514619921875 0.184340931640625 0.71823498046875 0.184340931640625
1 0.235513025390625 0.32210108984375 0.2365762890625 0.332011892578125 0.226475279296875 0.407333994140625 0.228601806640625 0.41228939453125 0.246677298828125 0.423191279296875 0.28708133984375 0.434093162109375 0.285486443359375 0.4390485625 0.29877724609375 0.445986125 0.3078149921875 0.434093162109375 0.32216905859375 0.310208126953125 0.32216905859375 0.295341921875 0.314726208984375 0.288404361328125 0.285486443359375 0.279484638671875 0.2775119609375 0.272547076171875 0.253588517578125 0.2626362734375 0.250664541015625 0.2626362734375 0.244019138671875 0.265609513671875 0.23976608203125 0.27849355859375 0.240829345703125 0.288404361328125 0.235513025390625 0.32210108984375
1 0.295587453125 0.5213082265625 0.29292929296875 0.528245787109375 0.28654970703125 0.59563924609375 0.336523126953125 0.616451931640625 0.34024455078125 0.60654112890625 0.34556087109375 0.56987116015625 0.3615098359375 0.575817640625 0.37533226953125 0.477700693359375 0.34556087109375 0.462834490234375 0.33492823046875 0.4529236875 0.30994151953125 0.44400396484375 0.307283359375 0.44400396484375 0.303561935546875 0.444995044921875 0.3019670390625 0.4499504453125 0.300372142578125 0.481665015625 0.295587453125 0.5213082265625
4 0.39393939453125 0.999008919921875 0.489633173828125 0.999008919921875 0.492291333984375 0.994053517578125 0.496544390625 0.941526263671875 0.504518873046875 0.89197225 0.505050505859375 0.868186322265625 0.5087719296875 0.849355796875 0.513556619140625 0.791873142578125 0.43540669921875 0.7591674921875 0.424774056640625 0.758176412109375 0.422115896484375 0.758176412109375 0.419457734375 0.758176412109375 0.415736310546875 0.7839445 0.397660818359375 0.94449950390625 0.39393939453125 0.999008919921875
4 0.558213716796875 0.999008919921875 0.604465708984375 0.999008919921875 0.60659223828125 0.970267591796875 0.604465708984375 0.965312189453125 0.59436469921875 0.961347869140625 0.5917065390625 0.961347869140625 0.585326953125 0.963330029296875 0.580542265625 0.971258671875 0.560340244140625 0.97324083203125 0.558213716796875 0.999008919921875
4 0.6326422109375 0.945490583984375 0.631578947265625 0.974231912109375 0.6337054765625 0.981169474609375 0.65656565625 0.98017839453125 0.664540138671875 0.966303271484375 0.666666666015625 0.9534192265625 0.673046251953125 0.9534192265625 0.72195640625 0.96233894921875 0.73099415234375 0.97621407421875 0.7458798515625 0.98711595703125 0.7517278046875 0.9960356796875 0.753322701171875 0.994053517578125 0.755449228515625 0.961347869140625 0.74853801171875 0.9534192265625 0.749601275390625 0.914767095703125 0.658160552734375 0.8959365703125 0.654970759765625 0.8959365703125 0.6454013828125 0.8959365703125 0.64167995703125 0.901883052734375 0.639021796875 0.93557978125 0.6326422109375 0.945490583984375
4 0.77192982421875 0.98017839453125 0.7990430625 0.978196234375 0.803296119140625 0.972249751953125 0.803296119140625 0.89197225 0.79532163671875 0.886025767578125 0.792131845703125 0.886025767578125 0.770334927734375 0.89197225 0.7692716640625 0.95143706640625 0.770334927734375 0.978196234375 0.77192982421875 0.98017839453125
4 0.836257310546875 0.95540138671875 0.8644338125 0.95143706640625 0.8644338125 0.901883052734375 0.874003189453125 0.892963330078125 0.875066453125 0.864222001953125 0.87347155859375 0.863230921875 0.8697501328125 0.863230921875 0.809144072265625 0.868186322265625 0.808612439453125 0.95143706640625 0.811802232421875 0.954410306640625 0.836257310546875 0.95540138671875
1 0.69590643359375 0.567888998046875 0.715045189453125 0.56987116015625 0.71876661328125 0.5579781953125 0.720361509765625 0.539147671875 0.723551302734375 0.46580773046875 0.68952684765625 0.455896927734375 0.68899521484375 0.455896927734375 0.685805421875 0.45887016796875 0.685273791015625 0.464816650390625 0.682083998046875 0.559960357421875 0.69590643359375 0.567888998046875
0 0.9215803984375 0.826244240234375 0.921034392578125 0.75495729296875 0.2624918125 0.617475322265625 0.26152898828125 0.62154887890625 0.2473315625 0.665339423828125 0.9215803984375 0.826244240234375
1 0.675704412109375 0.682854310546875 0.7107921328125 0.690782953125 0.715045189453125 0.6551040625 0.717703349609375 0.575817640625 0.71291866015625 0.570862240234375 0.6863370546875 0.565906837890625 0.68367889453125 0.565906837890625 0.678894205078125 0.572844400390625 0.676236044921875 0.605550048828125 0.6746411484375 0.63825569921875 0.675704412109375 0.682854310546875
1 0.674109515625 0.72646184375 0.676236044921875 0.713577798828125 0.675704412109375 0.669970267578125 0.67145135546875 0.665014865234375 0.646464646484375 0.659068384765625 0.64274322265625 0.659068384765625 0.637958533203125 0.661050544921875 0.635300373046875 0.71952428125 0.640085060546875 0.72447968359375 0.674109515625 0.72646184375
4 0.681020734375 0.561942517578125 0.682083998046875 0.51635282421875 0.678894205078125 0.51238850390625 0.65390749609375 0.50545094140625 0.650717703125 0.50545094140625 0.646464646484375 0.5074331015625 0.6443381171875 0.553022794921875 0.66560340234375 0.561942517578125 0.681020734375 0.561942517578125
1 0.785220626953125 0.49454905859375 0.783094099609375 0.46580773046875 0.762360447265625 0.460852328125 0.759436470703125 0.460852328125 0.75438596484375 0.464816650390625 0.7517278046875 0.520317146484375 0.782030833984375 0.526263626953125 0.785220626953125 0.49454905859375
4 0.767145134765625 0.690782953125 0.769803296875 0.6868186328125 0.773524720703125 0.647175421875 0.77884104296875 0.531219029296875 0.757044125 0.524281466796875 0.753322701171875 0.524281466796875 0.750664541015625 0.528245787109375 0.74800637890625 0.554013875 0.7400318984375 0.6868186328125 0.767145134765625 0.690782953125
1 0.829346091796875 0.56987116015625 0.83413078125 0.567888998046875 0.836257310546875 0.5609514375 0.83732057421875 0.497522298828125 0.81339712890625 0.486620416015625 0.79532163671875 0.48364717578125 0.794258373046875 0.48364717578125 0.792131845703125 0.488602576171875 0.788942052734375 0.53022794921875 0.788942052734375 0.5579781953125 0.829346091796875 0.56987116015625
1 0.77830941015625 0.707631318359375 0.820308345703125 0.7155599609375 0.823498138671875 0.71060455859375 0.823498138671875 0.69970267578125 0.8277511953125 0.676907830078125 0.833067517578125 0.575817640625 0.80754917578125 0.563924677734375 0.79585326953125 0.56293359765625 0.79292929296875 0.56293359765625 0.79000531640625 0.56293359765625 0.7868155234375 0.56987116015625 0.77884104296875 0.674925669921875 0.77830941015625 0.707631318359375
4 0.85433280078125 0.639246779296875 0.85539606640625 0.633300296875 0.8580542265625 0.582755203125 0.838383837890625 0.57383548046875 0.83785220703125 0.572844400390625 0.8335991484375 0.594648166015625 0.83094098828125 0.639246779296875 0.850611376953125 0.643211099609375 0.85433280078125 0.639246779296875
1 0.915470494140625 0.588701685546875 0.923976607421875 0.589692765625 0.927698033203125 0.585728443359375 0.93141945703125 0.559960357421875 0.933014353515625 0.526263626953125 0.93141945703125 0.5213082265625 0.881977671875 0.5074331015625 0.879851142578125 0.5074331015625 0.8755980859375 0.544103072265625 0.875066453125 0.5718533203125 0.876661349609375 0.576808720703125 0.915470494140625 0.588701685546875
4 0.841573630859375 0.5143706640625 0.83785220703125 0.55203171484375 0.863370546875 0.56689791796875 0.87347155859375 0.567888998046875 0.874534822265625 0.540138751953125 0.87878787890625 0.50941526171875 0.875066453125 0.50148662109375 0.866028708984375 0.49851337890625 0.862838916015625 0.49851337890625 0.860180755859375 0.50148662109375 0.860180755859375 0.518334984375 0.85752259375 0.522299306640625 0.841573630859375 0.5143706640625
4 0.7868155234375 0.40436075390625 0.8335991484375 0.425173439453125 0.83732057421875 0.41922695703125 0.847421583984375 0.332011892578125 0.8458266875 0.31813676953125 0.841573630859375 0.3131813671875 0.83094098828125 0.31119920703125 0.828282828125 0.29633300390625 0.832535884765625 0.274529236328125 0.83785220703125 0.22101090234375 0.841041998046875 0.206144697265625 0.8458266875 0.200198216796875 0.847421583984375 0.1764122890625 0.822434875 0.16352824609375 0.817650185546875 0.16352824609375 0.812333865234375 0.17244796875 0.8054226484375 0.23587710546875 0.783094099609375 0.396432111328125 0.7868155234375 0.40436075390625
1 0.847953216796875 0.358771060546875 0.839447103515625 0.420218037109375 0.841041998046875 0.440039642578125 0.8692185 0.451932607421875 0.874534822265625 0.4499504453125 0.87878787890625 0.409316154296875 0.883040935546875 0.39345887109375 0.88995215234375 0.340931615234375 0.888357255859375 0.3310208125 0.87825624609375 0.326065412109375 0.874534822265625 0.326065412109375 0.8697501328125 0.333994052734375 0.864965443359375 0.360753220703125 0.85433280078125 0.356788900390625 0.847953216796875 0.358771060546875
4 0.893673578125 0.403369673828125 0.904306220703125 0.409316154296875 0.91972355078125 0.410307234375 0.925039873046875 0.385530228515625 0.927698033203125 0.349851337890625 0.903774587890625 0.33994053515625 0.901116427734375 0.33994053515625 0.897395001953125 0.340931615234375 0.89952153125 0.3448959375 0.8989898984375 0.358771060546875 0.893673578125 0.403369673828125
1 0.928229666015625 0.443012884765625 0.934077619140625 0.448959365234375 0.94630515625 0.4499504453125 0.959064328125 0.45490584765625 0.96703880859375 0.462834490234375 0.972355130859375 0.462834490234375 0.97873471484375 0.420218037109375 0.9766081875 0.41526263671875 0.936204146484375 0.400396431640625 0.93460925 0.400396431640625 0.93141945703125 0.403369673828125 0.928761296875 0.420218037109375 0.92663476953125 0.4390485625 0.928229666015625 0.443012884765625
4 0.897395001953125 0.180376611328125 0.939925572265625 0.202180376953125 0.947368421875 0.201189296875 0.9526847421875 0.16749256640625 0.951089845703125 0.15857284375 0.9048378515625 0.13478691796875 0.903774587890625 0.13478691796875 0.900584794921875 0.13875123828125 0.898458267578125 0.148662041015625 0.89580010546875 0.1764122890625 0.897395001953125 0.180376611328125
4 0.894736841796875 0.1476709609375 0.900584794921875 0.126858275390625 0.904306220703125 0.094152626953125 0.875066453125 0.07730426171875 0.871876662109375 0.07730426171875 0.864965443359375 0.111992072265625 0.863370546875 0.13478691796875 0.87240829296875 0.14172448046875 0.894736841796875 0.1476709609375
1 0.889420521484375 0 0.888357255859375 0.021803765625 0.863370546875 0.0247770078125 0.858585859375 0.0465807734375 0.85752259375 0.069375619140625 0.8814460390625 0.07730426171875 0.893673578125 0.087215064453125 0.9048378515625 0.091179384765625 0.907496013671875 0.08424182421875 0.916002126953125 0.020812685546875 0.9165337578125 0 0.913822435546875 0 0.889420521484375 0
4 0.921850080078125 0 0.918660287109375 0.028741328125 0.92291334375 0.033696728515625 0.9580010625 0.0465807734375 0.966507177734375 0.0465807734375 0.971823498046875 0.00891972265625 0.963849015625 0 0.961049087890625 0 0.921850080078125 0
1 0.963849015625 0.338949455078125 0.970760234375 0.34687809765625 0.9994683671875 0.35084241796875 0.9994683671875 0.244796828125 0.959595958984375 0.229930625 0.959064328125 0.228939544921875 0.954279638671875 0.24677898828125 0.945241892578125 0.323092169921875 0.948431685546875 0.330029732421875 0.963849015625 0.338949455078125
4 0.86124401953125 0.67789891015625 0.86071238671875 0.657086224609375 0.8639021796875 0.654112982421875 0.86071238671875 0.650148662109375 0.83678894140625 0.646184341796875 0.83413078125 0.646184341796875 0.829877724609375 0.650148662109375 0.829877724609375 0.707631318359375 0.856990962890625 0.71258671875 0.86124401953125 0.67789891015625
0 0.927391345703125 0.824207462890625 0.918654431640625 0.761067626953125 0.92793739453125 0.824207462890625 0.998924564453125 0.8343913125 1 0.797729546875 0.95360196875 0.750883775390625 1 0.574703146484375 0.979812634765625 0.545169986328125 0.91319387890625 0.739681517578125 0.92793739453125 0.828281095703125 0.927391345703125 0.824207462890625
0 0.319982232421875 0.004891189453125 0.311594658203125 0.082503123046875 0.289980494140625 0.195612009765625 0.321272634765625 0.209449791015625 0.322563013671875 0.20523833203125 0.352887345703125 0.0054928359375 0.319982232421875 0.004891189453125
0 0.518363955078125 0.072876845703125 0.533542921875 0.001281341796875 0.50321861328125 0 0.489024216796875 0.050616052734375 0.355145556640625 0.008501048828125 0.346757955078125 0.057234140625 0.346757955078125 0.0578357734375 0.50354118359375 0.10717049609375 0.518363955078125 0.072876845703125
4 0.72195640625 0.394449951171875 0.732589048828125 0.389494548828125 0.767676767578125 0.402378591796875 0.772993087890625 0.369672943359375 0.774056353515625 0.3488602578125 0.77246145703125 0.34390485546875 0.7517278046875 0.338949455078125 0.750132908203125 0.340931615234375 0.751196171875 0.349851337890625 0.74800637890625 0.358771060546875 0.739500265625 0.359762140625 0.727804359375 0.352824578125 0.720361509765625 0.340931615234375 0.71238702734375 0.342913775390625 0.702286017578125 0.337958375 0.6980329609375 0.332011892578125 0.694311537109375 0.332011892578125 0.688463583984375 0.374628345703125 0.68952684765625 0.3845391484375 0.7155768203125 0.389494548828125 0.72195640625 0.394449951171875
4 0.927166400390625 0.38850346875 0.97395002734375 0.40832507421875 0.9829877734375 0.4063429140625 0.986709197265625 0.366699703125 0.986177564453125 0.352824578125 0.9702286015625 0.3488602578125 0.936204146484375 0.332011892578125 0.933545986328125 0.332011892578125 0.93141945703125 0.333994052734375 0.929824560546875 0.362735380859375 0.92557150390625 0.383548068359375 0.927166400390625 0.38850346875