1 0.569898232421875 0.273180458984375 0.5650776640625 0.2821535390625 0.5650776640625 0.339980060546875 0.58382431640625 0.34496510546875 0.591322978515625 0.336989033203125 0.60953401171875 0.336989033203125 0.6111408671875 0.333998005859375 0.613283341796875 0.269192421875 0.613283341796875 0.1954137578125 0.60953401171875 0.19142572265625 0.570969470703125 0.189431705078125 0.567220138671875 0.19740777734375 0.566684521484375 0.2143569296875 0.566684521484375 0.247258224609375 0.570969470703125 0.250249251953125 0.571505087890625 0.256231306640625 0.569898232421875 0.273180458984375
4 0.5099089453125 0.887337986328125 0.513658275390625 0.898305083984375 0.665238349609375 0.95712861328125 0.669523298828125 0.95613160546875 0.672201392578125 0.947158525390625 0.678093197265625 0.907278166015625 0.676486341796875 0.900299103515625 0.672201392578125 0.89531405859375 0.544188537109375 0.8464606171875 0.535083021484375 0.8394815546875 0.524906267578125 0.838484546875 0.5243706484375 0.82951146484375 0.5099089453125 0.82253240234375 0.504017140625 0.83549351953125 0.505088376953125 0.852442671875 0.501874666015625 0.880358923828125 0.505088376953125 0.8863409765625 0.5099089453125 0.887337986328125
4 0.204070701171875 0.576271185546875 0.212640599609375 0.588235294921875 0.221210498046875 0.59322033984375 0.228709158203125 0.5912263203125 0.24959828515625 0.549351943359375 0.235672201171875 0.51345962109375 0.235672201171875 0.508474576171875 0.239957150390625 0.501495513671875 0.239957150390625 0.494516451171875 0.2244242109375 0.464606181640625 0.22067487890625 0.46660019921875 0.19710766015625 0.511465603515625 0.198714515625 0.521435693359375 0.19442956640625 0.5373878359375 0.202463845703125 0.555333998046875 0.204070701171875 0.576271185546875
4 0.185324048828125 0.45264207421875 0.18907337890625 0.450648056640625 0.186395287109375 0.44666001953125 0.18853776171875 0.43968095703125 0.1928227109375 0.441674974609375 0.194965185546875 0.431704884765625 0.205141939453125 0.417746759765625 0.211033744140625 0.403788634765625 0.208355650390625 0.39182452734375 0.20889126953125 0.3828514453125 0.2046063203125 0.373878365234375 0.20032137109375 0.37288135546875 0.200856990234375 0.363908275390625 0.196572041015625 0.362911265625 0.198178896484375 0.356929212890625 0.193358328125 0.34496510546875 0.18907337890625 0.34496510546875 0.18585966796875 0.337986041015625 0.17407605859375 0.356929212890625 0.166577396484375 0.363908275390625 0.1585431171875 0.384845462890625 0.167113015625 0.411764705078125 0.180503482421875 0.442671984375 0.1847884296875 0.44666001953125 0.185324048828125 0.45264207421875
4 0.29833958203125 0.60817547265625 0.297803962890625 0.6031904296875 0.28066416796875 0.5702891328125 0.267273701171875 0.55433698828125 0.255490091796875 0.572283150390625 0.247455810546875 0.579262212890625 0.237279056640625 0.6031904296875 0.237279056640625 0.6111665 0.2683449375 0.6640079765625 0.27209426953125 0.663010966796875 0.29833958203125 0.60817547265625
4 0.326727369140625 0.770687935546875 0.33315479296875 0.76869391796875 0.349758970703125 0.72781655078125 0.349223353515625 0.72183449609375 0.340653455078125 0.7038883359375 0.34118907421875 0.695912263671875 0.3315479375 0.676969091796875 0.335297267578125 0.669990029296875 0.322442421875 0.6570289140625 0.316014998046875 0.656031904296875 0.2999464375 0.696909271484375 0.298875201171875 0.70488534375 0.30690948046875 0.722831505859375 0.305838244140625 0.739780658203125 0.326727369140625 0.770687935546875
4 0.427423673828125 0.87637088671875 0.4349223359375 0.881355931640625 0.43920728515625 0.880358923828125 0.443492234375 0.8723828515625 0.46223888671875 0.8863409765625 0.470808783203125 0.888334994140625 0.475093732421875 0.8863409765625 0.48259239453125 0.8723828515625 0.48527048828125 0.826520439453125 0.4756293515625 0.820538384765625 0.464916978515625 0.820538384765625 0.4579539375 0.8255234296875 0.417246919921875 0.819541375 0.391001607421875 0.810568294921875 0.377611140625 0.82153539453125 0.372254955078125 0.836490529296875 0.3717193359375 0.84247258203125 0.377611140625 0.857427716796875 0.39635779296875 0.8723828515625 0.427423673828125 0.87637088671875
4 0.415640064453125 0.971086740234375 0.421531869140625 0.95712861328125 0.425816818359375 0.94317048828125 0.425816818359375 0.937188435546875 0.421531869140625 0.9262213359375 0.408141404296875 0.900299103515625 0.4033208359375 0.898305083984375 0.371183716796875 0.851445662109375 0.36475629296875 0.845463609375 0.353508302734375 0.86939182421875 0.348687734375 0.88334994921875 0.349223353515625 0.888334994140625 0.41081949609375 0.974077767578125 0.415640064453125 0.971086740234375
4 0.434386716796875 0.94915254296875 0.4467059453125 0.95613160546875 0.45259775 0.951146560546875 0.454740224609375 0.939182453125 0.460096412109375 0.9332003984375 0.469201927734375 0.894317048828125 0.442956615234375 0.87637088671875 0.43920728515625 0.884346958984375 0.426888056640625 0.8793619140625 0.4177825390625 0.89930209375 0.414568826171875 0.9122632109375 0.429030529296875 0.935194416015625 0.429030529296875 0.941176470703125 0.434386716796875 0.94915254296875
4 0.460096412109375 0.6709870390625 0.487412962890625 0.669990029296875 0.487948580078125 0.5902293125 0.48419925 0.579262212890625 0.483128013671875 0.56630109765625 0.486341724609375 0.541375873046875 0.48580610546875 0.521435693359375 0.4783074453125 0.471585244140625 0.469201927734375 0.46660019921875 0.442956615234375 0.475573279296875 0.441885376953125 0.4835493515625 0.448848419921875 0.543369890625 0.44991965625 0.653040876953125 0.460096412109375 0.6709870390625
4 0.4611676484375 0.793619142578125 0.470273166015625 0.797607177734375 0.487948580078125 0.79461615234375 0.4895554375 0.773678962890625 0.48848419921875 0.723828513671875 0.486341724609375 0.715852443359375 0.482056775390625 0.72083748828125 0.4584895546875 0.719840478515625 0.45099089453125 0.722831505859375 0.450455275390625 0.776669990234375 0.452062130859375 0.793619142578125 0.454740224609375 0.797607177734375 0.4611676484375 0.793619142578125
4 0.552758435546875 0.999002990234375 0.578468130859375 0.999002990234375 0.58328869921875 0.9930209375 0.584359935546875 0.9870388828125 0.58650241015625 0.95014955078125 0.58328869921875 0.946161515625 0.4895554375 0.908275173828125 0.48687734375 0.911266201171875 0.483128013671875 0.944167498046875 0.477771826171875 0.960119640625 0.4783074453125 0.974077767578125 0.48259239453125 0.971086740234375 0.500803427734375 0.97607178515625 0.552758435546875 0.999002990234375
4 0.61810391015625 0.7786640078125 0.614354580078125 0.783649052734375 0.6111408671875 0.8045862421875 0.60096411328125 0.80558325 0.600428494140625 0.810568294921875 0.604177826171875 0.814556330078125 0.60632030078125 0.8125623125 0.60632030078125 0.806580259765625 0.60953401171875 0.806580259765625 0.60953401171875 0.816550349609375 0.617568291015625 0.82253240234375 0.650776646484375 0.823529412109375 0.655061595703125 0.797607177734375 0.65559721484375 0.77467597265625 0.6572040703125 0.766699900390625 0.663631494140625 0.759720837890625 0.663631494140625 0.730807578125 0.66738082421875 0.695912263671875 0.666309587890625 0.68095712890625 0.649169791015625 0.676969091796875 0.63952865625 0.68394815625 0.626138189453125 0.685942173828125 0.6111408671875 0.678963111328125 0.60953401171875 0.686939181640625 0.60792715625 0.715852443359375 0.619710765625 0.735792623046875 0.619710765625 0.76769691015625 0.61810391015625 0.7786640078125
4 0.552758435546875 0.66699900390625 0.55222281640625 0.6111665 0.548473486328125 0.6041874375 0.540974826171875 0.6031904296875 0.542581681640625 0.60019940234375 0.5415104453125 0.58723828515625 0.520621318359375 0.58723828515625 0.49973219140625 0.599202392578125 0.50026780859375 0.65403788671875 0.502410283203125 0.67397806640625 0.52276379296875 0.67397806640625 0.552758435546875 0.66699900390625
4 0.415640064453125 0.216350947265625 0.41938939453125 0.220338982421875 0.421531869140625 0.237288134765625 0.448848419921875 0.3359920234375 0.453133369140625 0.360917248046875 0.464381361328125 0.390827517578125 0.469201927734375 0.413758724609375 0.4756293515625 0.41674975 0.48848419921875 0.39980059765625 0.501339046875 0.3898305078125 0.50294590234375 0.3828514453125 0.497589716796875 0.355932203125 0.459025173828125 0.212362912109375 0.4440278515625 0.168494515625 0.443492234375 0.1535393828125 0.43974290234375 0.148554337890625 0.437064810546875 0.133599203125 0.43117300390625 0.12462612109375 0.42206748828125 0.132602193359375 0.415640064453125 0.133599203125 0.4059989296875 0.146560318359375 0.4033208359375 0.165503490234375 0.406534546875 0.18444666015625 0.411890734375 0.196410767578125 0.415640064453125 0.216350947265625
4 0.43063738671875 0.427716849609375 0.43974290234375 0.442671984375 0.438136046875 0.456630109375 0.441885376953125 0.468594216796875 0.467595072265625 0.44666001953125 0.4611676484375 0.411764705078125 0.43920728515625 0.334995015625 0.4349223359375 0.334995015625 0.414033208984375 0.35892323046875 0.4151044453125 0.3688933203125 0.425816818359375 0.3958125625 0.425816818359375 0.4087736796875 0.43063738671875 0.427716849609375
4 0.39046598828125 0.465603189453125 0.395822173828125 0.4157527421875 0.395286556640625 0.38584247265625 0.3979646484375 0.3429710859375 0.39635779296875 0.328015951171875 0.36743438671875 0.331006978515625 0.363685056640625 0.336989033203125 0.35565077734375 0.44666001953125 0.355115158203125 0.4626121640625 0.357793251953125 0.465603189453125 0.37868237890625 0.468594216796875 0.39046598828125 0.465603189453125
4 0.42206748828125 0.529411765625 0.42099625 0.485543369140625 0.419925013671875 0.478564306640625 0.4151044453125 0.47258225390625 0.344938404296875 0.4765702890625 0.3427959296875 0.48255234375 0.3427959296875 0.534396810546875 0.34440278515625 0.5373878359375 0.4177825390625 0.53339980078125 0.42206748828125 0.529411765625
4 0.35886448828125 0.20438683984375 0.34172469140625 0.216350947265625 0.344938404296875 0.239282154296875 0.36475629296875 0.327018943359375 0.382967328125 0.31904287109375 0.3947509375 0.31804586328125 0.4059989296875 0.30608175390625 0.421531869140625 0.301096708984375 0.424209962890625 0.29511465625 0.422603107421875 0.2821535390625 0.407070166015625 0.229312064453125 0.402785216796875 0.20538384765625 0.3979646484375 0.1874376875 0.392608462890625 0.17746759765625 0.39046598828125 0.165503490234375 0.38725227734375 0.161515453125 0.376539904296875 0.165503490234375 0.377611140625 0.169491525390625 0.37011248046875 0.182452642578125 0.35886448828125 0.192422732421875 0.35886448828125 0.20438683984375
4 0.314943759765625 0.349950150390625 0.320835564453125 0.366899302734375 0.330476701171875 0.3688933203125 0.3374397421875 0.364905283203125 0.349223353515625 0.353938185546875 0.353508302734375 0.341974078125 0.352437064453125 0.321036888671875 0.348152115234375 0.31804586328125 0.350830208984375 0.310069791015625 0.3454740234375 0.28514456640625 0.34118907421875 0.290129611328125 0.333690412109375 0.27916251171875 0.30262453125 0.30508474609375 0.303160150390625 0.321036888671875 0.30690948046875 0.3220338984375 0.31012319140625 0.34496510546875 0.314943759765625 0.349950150390625
4 0.287627208984375 0.128614158203125 0.2940546328125 0.13758723828125 0.30101767578125 0.1605184453125 0.319764328125 0.175473580078125 0.327798607421875 0.186440677734375 0.333690412109375 0.1874376875 0.3427959296875 0.173479560546875 0.3315479375 0.145563310546875 0.317086234375 0.122632103515625 0.314408140625 0.112662013671875 0.288162828125 0.064805583984375 0.2822710234375 0.047856431640625 0.274772361328125 0.04985044921875 0.27102303125 0.061814556640625 0.264059990234375 0.064805583984375 0.266202462890625 0.082751744140625 0.278521693359375 0.1066799609375 0.279057310546875 0.12362911328125 0.287627208984375 0.128614158203125
4 0.307980716796875 0 0.30690948046875 0.00299102734375 0.300482056640625 0 0.298875201171875 0.0059820546875 0.3085163359375 0.060817546875 0.311730048828125 0.091724826171875 0.317086234375 0.11465603125 0.322442421875 0.118644068359375 0.34172469140625 0.11066799609375 0.34118907421875 0.105682951171875 0.3454740234375 0.1066799609375 0.349223353515625 0.102691923828125 0.351365828125 0.0947158515625 0.34708087890625 0.07078763671875 0.34761649609375 0.06380857421875 0.344938404296875 0.0598205390625 0.3427959296875 0.031904287109375 0.336368505859375 0 0.3283342265625 0 0.326191751953125 0.00398803515625 0.32404927734375 0 0.307980716796875 0
4 0.30369576953125 0.138584248046875 0.314943759765625 0.122632103515625 0.311730048828125 0.109670986328125 0.302088912109375 0.0947158515625 0.29566148828125 0.09072781640625 0.28976968359375 0.092721833984375 0.279057310546875 0.109670986328125 0.280128548828125 0.12362911328125 0.288698447265625 0.1276171484375 0.29833958203125 0.140578265625 0.30369576953125 0.138584248046875
4 0.54900910546875 0.50049850390625 0.548473486328125 0.521435693359375 0.57632565625 0.52043868359375 0.580074986328125 0.524426720703125 0.5795393671875 0.529411765625 0.5875736484375 0.524426720703125 0.590251740234375 0.512462611328125 0.590251740234375 0.4626121640625 0.580074986328125 0.435692921875 0.578468130859375 0.423728814453125 0.572576326171875 0.41974077734375 0.551151580078125 0.421734794921875 0.55222281640625 0.4436689921875 0.548473486328125 0.458624126953125 0.55168719921875 0.48953140625 0.54900910546875 0.50049850390625
4 0.619710765625 0.5373878359375 0.622924478515625 0.551345962890625 0.625066953125 0.54735792578125 0.6427423671875 0.54735792578125 0.64434922265625 0.529411765625 0.647562935546875 0.524426720703125 0.64970541015625 0.5094715859375 0.645956080078125 0.491525423828125 0.63417246875 0.4905284140625 0.630423138671875 0.484546361328125 0.611676486328125 0.48255234375 0.603106587890625 0.474576271484375 0.599892876953125 0.478564306640625 0.601499732421875 0.48953140625 0.596143544921875 0.502492521484375 0.594536689453125 0.51345962109375 0.593465453125 0.525423728515625 0.59507230859375 0.531405783203125 0.615961435546875 0.531405783203125 0.619710765625 0.5373878359375
4 0.62935190234375 0.42671983984375 0.6400642734375 0.423728814453125 0.642206748046875 0.427716849609375 0.645956080078125 0.424725822265625 0.65238350390625 0.427716849609375 0.657739689453125 0.42572283203125 0.662024638671875 0.4157527421875 0.663631494140625 0.374875373046875 0.66148901953125 0.36590229296875 0.5940010703125 0.3688933203125 0.59507230859375 0.411764705078125 0.60632030078125 0.421734794921875 0.619710765625 0.420737787109375 0.62935190234375 0.42671983984375
4 0.619175146484375 0.115653041015625 0.621853240234375 0.111665005859375 0.62667380859375 0.0209371875 0.5848955546875 0.0069790625 0.5650776640625 0.0059820546875 0.561328333984375 0.025922232421875 0.55757900390625 0.085742771484375 0.558650240234375 0.101694916015625 0.6111408671875 0.115653041015625 0.619175146484375 0.115653041015625
4 0.767541509765625 0.200398802734375 0.790037494140625 0.190428712890625 0.787359400390625 0.147557328125 0.77932512109375 0.102691923828125 0.76057846875 0.10368893359375 0.757900375 0.1136590234375 0.735404392578125 0.12163509375 0.740760578125 0.183449650390625 0.74504552734375 0.193419740234375 0.746116765625 0.20438683984375 0.767541509765625 0.200398802734375
4 0.78843063671875 0.14456630078125 0.7980717734375 0.180458625 0.803427958984375 0.1814556328125 0.830744509765625 0.169491525390625 0.822174611328125 0.1066799609375 0.819496517578125 0.098703888671875 0.80235672265625 0.10368893359375 0.78789501953125 0.112662013671875 0.788966255859375 0.122632103515625 0.78682378125 0.1276171484375 0.790573111328125 0.13758723828125 0.78843063671875 0.14456630078125
4 0.863952865234375 0.132602193359375 0.869309052734375 0.128614158203125 0.8703802890625 0.12163509375 0.860739154296875 0.07776669921875 0.856454205078125 0.07676969140625 0.82271023046875 0.09770687890625 0.82538832421875 0.125623130859375 0.83395822265625 0.168494515625 0.865024103515625 0.149551345703125 0.863952865234375 0.132602193359375
4 0.83717193359375 0.078763708984375 0.833422603515625 0.07976071875 0.8296732734375 0.068793619140625 0.82538832421875 0.068793619140625 0.82538832421875 0.06380857421875 0.817889662109375 0.045862412109375 0.803963578125 0.054835494140625 0.7782538828125 0.062811564453125 0.7809319765625 0.0947158515625 0.786288162109375 0.108673978515625 0.82003213671875 0.095712861328125 0.83717193359375 0.078763708984375
4 0.813604712890625 0 0.8125334765625 0.004985044921875 0.81092662109375 0.01694915234375 0.81842528125 0.0408773671875 0.819496517578125 0.053838484375 0.830208890625 0.071784646484375 0.830208890625 0.07976071875 0.8243170859375 0.0877367890625 0.82538832421875 0.089730806640625 0.854847349609375 0.068793619140625 0.85698982421875 0.052841474609375 0.862346009765625 0.04386839453125 0.863952865234375 0.031904287109375 0.867166578125 0.0269192421875 0.865024103515625 0.010967099609375 0.858061060546875 0.007976072265625 0.85431173046875 0 0.813604712890625 0
4 0.777718263671875 0.0598205390625 0.7809319765625 0.051844466796875 0.77932512109375 0.04386839453125 0.75950723046875 0.044865404296875 0.7546866640625 0.048853439453125 0.75629351953125 0.091724826171875 0.775040171875 0.092721833984375 0.777718263671875 0.088733798828125 0.777718263671875 0.0598205390625
4 0.70487412890625 0.11665005078125 0.71344402734375 0.115653041015625 0.720942689453125 0.132602193359375 0.7321906796875 0.122632103515625 0.735940009765625 0.11066799609375 0.7348687734375 0.075772681640625 0.731119443359375 0.060817546875 0.71612212109375 0.061814556640625 0.692554900390625 0.075772681640625 0.692554900390625 0.115653041015625 0.694161755859375 0.11764705859375 0.701124798828125 0.12163509375 0.70487412890625 0.11665005078125
4 0.71880021484375 0 0.716657740234375 0.007976072265625 0.716657740234375 0.02392821484375 0.71933583203125 0.052841474609375 0.7321906796875 0.055832501953125 0.73647562890625 0.060817546875 0.752544189453125 0.0598205390625 0.75522228125 0.025922232421875 0.752544189453125 0 0.745581146484375 0 0.744509908203125 0.00299102734375 0.735404392578125 0 0.72897696875 0.00398803515625 0.726298875 0 0.71880021484375 0
4 0.772897697265625 0.0408773671875 0.770219603515625 0.035892322265625 0.772897697265625 0.024925224609375 0.77008569921875 0.024925224609375 0.7691483671875 0.028913259765625 0.767273701171875 0.024925224609375 0.758971611328125 0.027916251953125 0.75950723046875 0.041874376953125 0.770041064453125 0.0408773671875 0.770219603515625 0.03688933203125 0.772897697265625 0.0408773671875
4 0.806641671875 0.044865404296875 0.80557043359375 0.02392821484375 0.803963578125 0.021934197265625 0.776111408203125 0.024925224609375 0.776111408203125 0.039880359375 0.7836100703125 0.048853439453125 0.80235672265625 0.051844466796875 0.806641671875 0.044865404296875
4 0.6572040703125 0.122632103515625 0.67595072265625 0.129611166015625 0.68719871484375 0.128614158203125 0.690948044921875 0.118644068359375 0.692019283203125 0.058823529296875 0.685591859375 0.052841474609375 0.686663095703125 0.046859421875 0.682913765625 0.04386839453125 0.6770219609375 0.046859421875 0.673272630859375 0.04287138671875 0.668987681640625 0.052841474609375 0.67005891796875 0.0737786640625 0.6684520625 0.089730806640625 0.655061595703125 0.102691923828125 0.6572040703125 0.122632103515625
4 0.67005891796875 0 0.67005891796875 0.013958125 0.66577396875 0.011964107421875 0.665238349609375 0.0209371875 0.67113015625 0.038883349609375 0.687734333984375 0.04287138671875 0.702731654296875 0.041874376953125 0.706480986328125 0.02293120703125 0.712372791015625 0.0129611171875 0.711301552734375 0.004985044921875 0.70755222265625 0 0.67005891796875 0
4 0.76218532421875 0.24426719921875 0.7664702734375 0.25124626171875 0.762720943359375 0.266201396484375 0.7664702734375 0.27916251171875 0.75950723046875 0.293120638671875 0.760042849609375 0.30209371875 0.76539903515625 0.314057826171875 0.767005892578125 0.331006978515625 0.7755757890625 0.32602193359375 0.777718263671875 0.3359920234375 0.782003212890625 0.339980060546875 0.783074451171875 0.347956130859375 0.787359400390625 0.349950150390625 0.790573111328125 0.33898305078125 0.784681306640625 0.33200398828125 0.79110873046875 0.32602193359375 0.790037494140625 0.314057826171875 0.7927155859375 0.310069791015625 0.7927155859375 0.301096708984375 0.794858060546875 0.297108673828125 0.799143009765625 0.297108673828125 0.801285484375 0.29112662109375 0.800214248046875 0.2681954140625 0.80289233984375 0.25922233203125 0.803427958984375 0.243270189453125 0.800749865234375 0.239282154296875 0.800749865234375 0.220338982421875 0.798607390625 0.212362912109375 0.79700053515625 0.216350947265625 0.79217996875 0.212362912109375 0.791644349609375 0.200398802734375 0.787359400390625 0.193419740234375 0.75361542578125 0.203389830078125 0.758435994140625 0.2153539375 0.7546866640625 0.2283150546875 0.760042849609375 0.233300099609375 0.76218532421875 0.24426719921875
4 0.7637921796875 0.32602193359375 0.7664702734375 0.331006978515625 0.77075522265625 0.327018943359375 0.782003212890625 0.331006978515625 0.78789501953125 0.310069791015625 0.785752544921875 0.301096708984375 0.790573111328125 0.294117646484375 0.785752544921875 0.284147556640625 0.787359400390625 0.27816550390625 0.78521692578125 0.27118644140625 0.78789501953125 0.267198404296875 0.77986073828125 0.257228314453125 0.76807712890625 0.255234296875 0.765934654296875 0.263210369140625 0.768612748046875 0.2681954140625 0.763256560546875 0.267198404296875 0.76539903515625 0.27916251171875 0.757900375 0.29112662109375 0.7637921796875 0.314057826171875 0.7637921796875 0.32602193359375
4 0.801821103515625 0.293120638671875 0.804499197265625 0.30209371875 0.82592394140625 0.30508474609375 0.8532404921875 0.29910269140625 0.856454205078125 0.2751744765625 0.85163363671875 0.236291126953125 0.841992501953125 0.23230308984375 0.835029458984375 0.2153539375 0.801285484375 0.220338982421875 0.800214248046875 0.23230308984375 0.803427958984375 0.247258224609375 0.801821103515625 0.25124626171875 0.801821103515625 0.293120638671875
4 0.819496517578125 0.370887337890625 0.82592394140625 0.3818544375 0.849491162109375 0.37886341015625 0.8532404921875 0.373878365234375 0.85431173046875 0.31605184375 0.852169255859375 0.30907278125 0.797536154296875 0.310069791015625 0.7953936796875 0.314057826171875 0.794858060546875 0.328015951171875 0.794322443359375 0.364905283203125 0.7980717734375 0.369890328125 0.81092662109375 0.364905283203125 0.819496517578125 0.370887337890625
4 0.8585966796875 0.33300099609375 0.86422067578125 0.336989033203125 0.864488484375 0.3429710859375 0.861810390625 0.34596211328125 0.862346009765625 0.357926220703125 0.863952865234375 0.360917248046875 0.914301017578125 0.360917248046875 0.9191215859375 0.3080757734375 0.92072844140625 0.25822532421875 0.927691484375 0.241276171875 0.9282271015625 0.15852442578125 0.91805034765625 0.154536390625 0.899839314453125 0.154536390625 0.897161220703125 0.159521435546875 0.895554365234375 0.175473580078125 0.87627209375 0.176470587890625 0.8757364765625 0.190428712890625 0.8730583828125 0.196410767578125 0.873594001953125 0.216350947265625 0.86341724609375 0.219341974609375 0.861274771484375 0.22432701953125 0.86020353515625 0.30608175390625 0.86341724609375 0.31206380859375 0.859132296875 0.314057826171875 0.8585966796875 0.33300099609375
4 0.83985002734375 0.481555333984375 0.84467059375 0.475573279296875 0.855382966796875 0.48055832421875 0.860739154296875 0.48055832421875 0.86288162890625 0.4765702890625 0.867166578125 0.404785642578125 0.86609533984375 0.39182452734375 0.84306373828125 0.386839482421875 0.827530798828125 0.390827517578125 0.822174611328125 0.403788634765625 0.81842528125 0.4227318046875 0.81735404296875 0.434695912109375 0.82003213671875 0.45264207421875 0.820567755859375 0.478564306640625 0.83985002734375 0.481555333984375
4 0.8152115703125 0.512462611328125 0.81842528125 0.44666001953125 0.81681842578125 0.442671984375 0.81735404296875 0.4227318046875 0.806106052734375 0.41874376953125 0.796464916015625 0.42671983984375 0.776111408203125 0.41674975 0.769683984375 0.437686939453125 0.767541509765625 0.4835493515625 0.767005892578125 0.51744765625 0.804499197265625 0.5234297109375 0.813069095703125 0.521435693359375 0.8152115703125 0.512462611328125
4 0.732726298828125 0.501495513671875 0.735940009765625 0.52043868359375 0.74772362109375 0.51944167578125 0.75040171484375 0.51046859375 0.755757900390625 0.50747756640625 0.75950723046875 0.495513458984375 0.76486341796875 0.41874376953125 0.763256560546875 0.4157527421875 0.744509908203125 0.413758724609375 0.739689341796875 0.417746759765625 0.72469201953125 0.41674975 0.7204070703125 0.42671983984375 0.72201392578125 0.447657029296875 0.71933583203125 0.471585244140625 0.719871451171875 0.495513458984375 0.732726298828125 0.501495513671875
4 0.659346544921875 0.644067796875 0.670594537109375 0.646061814453125 0.668987681640625 0.663010966796875 0.67595072265625 0.672981056640625 0.67595072265625 0.68195413671875 0.694161755859375 0.6919242265625 0.698446705078125 0.679960119140625 0.70166041796875 0.651046859375 0.703802892578125 0.58125623046875 0.702196037109375 0.575274177734375 0.6914836640625 0.571286140625 0.689341189453125 0.54735792578125 0.695232994140625 0.53339980078125 0.6625602578125 0.5304087734375 0.659346544921875 0.538384845703125 0.659346544921875 0.56729810546875 0.656132833984375 0.6031904296875 0.656668451171875 0.639082751953125 0.659346544921875 0.644067796875
4 0.4493840390625 0.08374875390625 0.450455275390625 0.11465603125 0.45688269921875 0.11764705859375 0.4584895546875 0.125623130859375 0.46277450390625 0.119641076171875 0.469201927734375 0.122632103515625 0.465988216796875 0.1415752734375 0.469201927734375 0.139581255859375 0.470808783203125 0.14356929296875 0.469737546875 0.138584248046875 0.4729512578125 0.138584248046875 0.47402249609375 0.142572283203125 0.475093732421875 0.139581255859375 0.479378681640625 0.1415752734375 0.471880021484375 0.13160518359375 0.472415640625 0.125623130859375 0.474558115234375 0.126620138671875 0.470808783203125 0.122632103515625 0.471880021484375 0.118644068359375 0.480449919921875 0.11764705859375 0.482056775390625 0.1206380859375 0.487412962890625 0.11665005078125 0.4954472421875 0.11764705859375 0.498660953125 0.1136590234375 0.497589716796875 0.0807577265625 0.49973219140625 0.075772681640625 0.50026780859375 0.054835494140625 0.49705409765625 0.03688933203125 0.498660953125 0.024925224609375 0.4954472421875 0.017946162109375 0.48419925 0.01694915234375 0.48152115625 0.024925224609375 0.478843064453125 0.017946162109375 0.4729512578125 0.018943169921875 0.467059453125 0.011964107421875 0.4467059453125 0.013958125 0.442956615234375 0.01694915234375 0.4440278515625 0.0209371875 0.441885376953125 0.02991026953125 0.443492234375 0.03688933203125 0.441349759765625 0.04287138671875 0.440278521484375 0.075772681640625 0.442956615234375 0.07976071875 0.447241564453125 0.078763708984375 0.4493840390625 0.08374875390625
4 0.05623995703125 0.06380857421875 0.0578468125 0.09371884375 0.061060525390625 0.1066799609375 0.06480985546875 0.10767696875 0.0717728984375 0.101694916015625 0.07605784765625 0.10368893359375 0.078735939453125 0.09371884375 0.084092126953125 0.09371884375 0.09373326171875 0.08374875390625 0.092662025390625 0.07078763671875 0.072844134765625 0.00299102734375 0.06052490625 0 0.04767005859375 0.0129611171875 0.048741296875 0.01694915234375 0.042849490234375 0.031904287109375 0.043385109375 0.0408773671875 0.05623995703125 0.06380857421875
4 0.0808784140625 0 0.07659346484375 0.00398803515625 0.07659346484375 0.00997008984375 0.0953401171875 0.082751744140625 0.102838779296875 0.084745763671875 0.11087305859375 0.072781654296875 0.121585431640625 0.06380857421875 0.119978576171875 0.0598205390625 0.124799142578125 0.051844466796875 0.12212105078125 0.03688933203125 0.125870380859375 0.028913259765625 0.11837171875 0 0.0808784140625 0
4 0.11837171875 0.061814556640625 0.125870380859375 0.052841474609375 0.12265666796875 0.035892322265625 0.11087305859375 0.04287138671875 0.1098018203125 0.04985044921875 0.11408676953125 0.068793619140625 0.117300482421875 0.067796609375 0.11837171875 0.061814556640625
4 0.535083021484375 0.28514456640625 0.5270487421875 0.2821535390625 0.52597750390625 0.27816550390625 0.52329941015625 0.280159521484375 0.5216925546875 0.274177466796875 0.516871986328125 0.277168494140625 0.51740760546875 0.29511465625 0.5334761640625 0.2961116640625 0.536689876953125 0.293120638671875 0.535083021484375 0.28514456640625
4 0.53776111328125 0.280159521484375 0.556507765625 0.280159521484375 0.558650240234375 0.25922233203125 0.55757900390625 0.22432701953125 0.559721478515625 0.212362912109375 0.558114623046875 0.192422732421875 0.54472415625 0.192422732421875 0.536689876953125 0.185443669921875 0.51419389453125 0.192422732421875 0.51312265625 0.267198404296875 0.51740760546875 0.270189431640625 0.532940546875 0.2681954140625 0.53776111328125 0.280159521484375