3 0.3105726875 0.389949748046875 0.308370044921875 0.43919598046875 0.3105726875 0.45628140625 0.3182819375 0.46331658203125 0.346916298828125 0.471356783203125 0.35187224609375 0.479396984375 0.359581498046875 0.484422111328125 0.4592511015625 0.515577888671875 0.4724669609375 0.51356783984375 0.484030837890625 0.42110552734375 0.488986783203125 0.325628140625 0.4432819375 0.30452261328125 0.42951541796875 0.368844220703125 0.42566079296875 0.42512562890625 0.41299559375 0.42512562890625 0.38876651953125 0.4140703515625 0.349118943359375 0.405025125 0.3474669609375 0.395979900390625 0.356277533203125 0.2834170859375 0.367290748046875 0.2834170859375 0.377202642578125 0.2884422109375 0.37830396484375 0.30050251171875 0.376101322265625 0.315577888671875 0.37830396484375 0.31859296484375 0.407488986328125 0.328643216796875 0.410792951171875 0.319597990234375 0.417400880859375 0.2321608046875 0.410242291015625 0.22512562890625 0.394273126953125 0.2190954765625 0.32433920703125 0.205025125 0.31773127734375 0.21206030078125 0.3144273125 0.25829145703125 0.313325990234375 0.3396984921875 0.309471365234375 0.3577889453125 0.3105726875 0.389949748046875
3 0.313325990234375 0.32361808984375 0.302312775390625 0.31356783984375 0.29129955859375 0.310552763671875 0.285242291015625 0.301507537109375 0.285792951171875 0.248241205078125 0.268171806640625 0.229145728515625 0.265969162109375 0.210050251953125 0.261563876953125 0.20201005078125 0.231277533203125 0.193969849609375 0.227422908203125 0.195979900390625 0.22356828125 0.23015075390625 0.21916299609375 0.34371859375 0.218612333984375 0.413065326171875 0.220814978515625 0.417085427734375 0.237885462890625 0.42613065234375 0.258810572265625 0.43015075390625 0.3078193828125 0.42613065234375 0.313325990234375 0.32361808984375
3 0.106828193359375 0.048241205078125 0.106277533203125 0.033165830078125 0.102422908203125 0.022110552734375 0.072687224609375 0.008040201171875 0.05726872265625 0.024120603515625 0.047356828125 0.04422110546875 0.042400880859375 0.06231155859375 0.045704845703125 0.075376884765625 0.085903083984375 0.091457287109375 0.10077092578125 0.091457287109375 0.104074890625 0.08643216015625 0.106828193359375 0.048241205078125
3 0.1013215859375 0.222110552734375 0.1106828203125 0.227135677734375 0.1145374453125 0.22110552734375 0.106828193359375 0.19798994921875 0.09085903125 0.18894472265625 0.092511013671875 0.12361808984375 0.090308369140625 0.112562814453125 0.0842511015625 0.1065326640625 0.06112334765625 0.098492462890625 0.035792951171875 0.09547738671875 0.02973568359375 0.115577888671875 0.02698237890625 0.170854271484375 0.02643171875 0.210050251953125 0.0275330390625 0.218090453125 0.031387666015625 0.222110552734375 0.045154185546875 0.22613065234375 0.055616740234375 0.222110552734375 0.1013215859375 0.222110552734375
3 0.070990228515625 0.40625258984375 0.076198388671875 0.448241205078125 0.089964908203125 0.452261306640625 0.13115326953125 0.445144697265625 0.129612486328125 0.4 0.124463546875 0.298032060546875 0.096572837890625 0.296482412109375 0.0378908203125 0.29320814453125 0.037652134765625 0.317587939453125 0.041506759765625 0.395979900390625 0.0431587421875 0.404020099609375 0.070990228515625 0.40625258984375
3 0.052727232421875 0.2286842734375 0.05052458984375 0.24476467578125 0.047220625 0.29099583203125 0.127895515625 0.302272576171875 0.131290244140625 0.2325876796875 0.106691990234375 0.2286842734375 0.059335162109375 0.224664173828125 0.052727232421875 0.2286842734375
3 0.16570357421875 0.255819845703125 0.149734412109375 0.258834921875 0.133214587890625 0.255819845703125 0.129910623046875 0.26084497265625 0.12770798046875 0.304061052734375 0.129359962890625 0.32215150390625 0.143677142578125 0.325166580078125 0.17231150390625 0.32215150390625 0.194337935546875 0.33119673046875 0.208104455078125 0.325166580078125 0.214161724609375 0.204563564453125 0.2136110625 0.16335753515625 0.210857759765625 0.155317333984375 0.207553794921875 0.153307283203125 0.18332471875 0.151297232421875 0.1783687734375 0.16335753515625 0.17561546875 0.217628890625 0.17712023046875 0.24033049609375 0.17202796484375 0.2573645390625 0.16570357421875 0.255819845703125
3 0.450187888671875 0.5677571875 0.44853590625 0.5355963828125 0.4474345859375 0.52856120703125 0.4419279765625 0.522531056640625 0.395121810546875 0.50946573046875 0.364322904296875 0.505707189453125 0.3604301796875 0.520521005859375 0.3604301796875 0.56574713671875 0.358700498046875 0.57223244140625 0.4325376875 0.5954607578125 0.442478638671875 0.59790794140625 0.44798524609375 0.58886271484375 0.450187888671875 0.5677571875
3 0.46255506640625 0.182914572265625 0.486784140625 0.19798994921875 0.495044052734375 0.19798994921875 0.5 0.19296482421875 0.5027533046875 0.177889447265625 0.502202642578125 0.159798994140625 0.481277533203125 0.149748744140625 0.484030837890625 0.108542712890625 0.4801762109375 0.089447236328125 0.475220263671875 0.079396984375 0.45870044140625 0.06231155859375 0.44548458203125 0.061306533203125 0.441079294921875 0.064321607421875 0.438325990234375 0.089447236328125 0.438325990234375 0.1346733671875 0.4328193828125 0.172864322265625 0.434471365234375 0.175879396484375 0.450991189453125 0.18894472265625 0.45870044140625 0.18793969921875 0.46255506640625 0.182914572265625
3 0.46585903125 0 0.460903083984375 0.033165830078125 0.458149779296875 0.05829145703125 0.468612333984375 0.07236180859375 0.513215859375 0.091457287109375 0.521475771484375 0.05628140625 0.5275330390625 0 0.46585903125 0
3 0.457599119140625 0.075376884765625 0.454845814453125 0.070351759765625 0.454845814453125 0.079396984375 0.457599119140625 0.075376884765625
3 0.22962555078125 0.12361808984375 0.23348017578125 0.119597990234375 0.237885462890625 0.07638191015625 0.2356828203125 0.048241205078125 0.1751101328125 0.04422110546875 0.173458150390625 0.04422110546875 0.164647576171875 0.052261306640625 0.16299559375 0.091457287109375 0.1657488984375 0.114572865234375 0.174008810546875 0.119597990234375 0.218612333984375 0.12361808984375 0.22962555078125 0.12361808984375
3 0.410242291015625 0 0.40859030859375 0.01206030078125 0.3986784140625 0.017085427734375 0.39812775390625 0.02110552734375 0.400881056640625 0.02512562890625 0.3986784140625 0.0321608046875 0.387665197265625 0.03015075390625 0.383259912109375 0.04422110546875 0.386563876953125 0.057286431640625 0.38105726953125 0.130653265625 0.384361234375 0.138693466796875 0.396475771484375 0.1346733671875 0.3986784140625 0.14170854296875 0.39922907421875 0.163819095703125 0.41134361328125 0.17487437109375 0.4196035234375 0.177889447265625 0.43226872265625 0.170854271484375 0.437224669921875 0.130653265625 0.440528634765625 0.08140703515625 0.43997797265625 0.038190955078125 0.444383259765625 0.02512562890625 0.444383259765625 0 0.4415381796875 0 0.410242291015625 0
3 0.32048458203125 0 0.319383259765625 0.01206030078125 0.316629955078125 0.01608040234375 0.308920705078125 0.017085427734375 0.305066080078125 0.03517587890625 0.3001101328125 0.0834170859375 0.301762115234375 0.1025125625 0.299559470703125 0.1165829140625 0.296255505859375 0.121608041015625 0.24394273046875 0.125628140625 0.241740087890625 0.13768844140625 0.24008810546875 0.18894472265625 0.313325990234375 0.205025125 0.349118943359375 0.20201005078125 0.352422908203125 0.194974875 0.3606828203125 0.194974875 0.359581498046875 0.184924623046875 0.362885462890625 0.1809045234375 0.35848017578125 0.17386934765625 0.35848017578125 0.16482412109375 0.356277533203125 0.165829146484375 0.354074890625 0.175879396484375 0.3513215859375 0.172864322265625 0.35077092578125 0.13266331640625 0.336453744140625 0.125628140625 0.342511013671875 0.122613064453125 0.3419603515625 0.1165829140625 0.34471365625 0.10954773828125 0.352422908203125 0.1115577890625 0.350220263671875 0.124623115234375 0.372797357421875 0.122613064453125 0.36123348046875 0.119597990234375 0.362885462890625 0.115577888671875 0.359581498046875 0.110552763671875 0.36894273046875 0.10954773828125 0.3722466953125 0.10452261328125 0.375 0 0.372130767578125 0 0.32048458203125 0
4 0.7356828203125 0.738693466796875 0.76376651953125 0.747738693359375 0.775330396484375 0.685427134765625 0.77698237890625 0.661306533203125 0.7736784140625 0.65628140625 0.704845814453125 0.62512562890625 0.700440529296875 0.615075376953125 0.68887665234375 0.610050251953125 0.677312775390625 0.67236180859375 0.6751101328125 0.6934673359375 0.6894273125 0.7025125625 0.70319383203125 0.725628140625 0.71640969140625 0.731658291015625 0.724118943359375 0.730653265625 0.7356828203125 0.738693466796875
3 0.779185021484375 0.65628140625 0.7868942734375 0.63517587890625 0.789096916015625 0.615075376953125 0.791850220703125 0.608040201171875 0.792400880859375 0.59296482421875 0.785242291015625 0.591959798828125 0.77643171875 0.5809045234375 0.75991189453125 0.576884421875 0.7472466953125 0.565829146484375 0.7131057265625 0.556783919921875 0.71255506640625 0.55577889453125 0.708149779296875 0.559798994140625 0.704295154296875 0.582914572265625 0.701541849609375 0.61105527734375 0.704845814453125 0.624120603515625 0.76376651953125 0.652261306640625 0.779185021484375 0.65628140625
3 0.657488986328125 0.92763819140625 0.6657488984375 0.935678392578125 0.672356828125 0.935678392578125 0.677863435546875 0.929648240234375 0.6855726875 0.908542712890625 0.708149779296875 0.894472361328125 0.71200440625 0.87236180859375 0.72026431640625 0.8552763828125 0.731828193359375 0.86733668359375 0.73623348046875 0.861306533203125 0.763215859375 0.879396984375 0.771475771484375 0.852261306640625 0.7736784140625 0.836180904296875 0.772577091796875 0.822110552734375 0.76651982421875 0.820100501953125 0.76376651953125 0.813065326171875 0.75991189453125 0.8140703515625 0.757709251953125 0.808040201171875 0.7604625546875 0.80201005078125 0.751651982421875 0.796984923828125 0.7472466953125 0.779899498046875 0.740638765625 0.766834169921875 0.720814978515625 0.7577889453125 0.70870044140625 0.747738693359375 0.707599119140625 0.747738693359375 0.687224669921875 0.749748744140625 0.680616740234375 0.761809044921875 0.67951541796875 0.77889447265625 0.650881056640625 0.903517587890625 0.65143171875 0.914572865234375 0.657488986328125 0.92763819140625
6 0.487334802734375 0.775879396484375 0.490638765625 0.794974875 0.487885462890625 0.798994974609375 0.491189427734375 0.803015076171875 0.494493392578125 0.818090453125 0.501651982421875 0.818090453125 0.5104625546875 0.828140703125 0.514867841796875 0.84422110546875 0.512114537109375 0.891457287109375 0.51376651953125 0.910552763671875 0.5104625546875 0.926633166015625 0.5143171796875 0.9346733671875 0.511563876953125 0.981909546875 0.514867841796875 0.981909546875 0.5143171796875 0.9678391953125 0.520925109375 0.96482412109375 0.528634361328125 0.971859296875 0.532488986328125 0.9859296484375 0.5539647578125 0.998994974609375 0.61894273046875 0.998994974609375 0.61784141015625 0.9859296484375 0.60848017578125 0.975879396484375 0.595814978515625 0.9678391953125 0.58370044140625 0.95376884375 0.552312775390625 0.93668341796875 0.54129955859375 0.92361808984375 0.54019823828125 0.9065326640625 0.547356828125 0.84924623046875 0.54405286328125 0.841206029296875 0.542400880859375 0.818090453125 0.539647576171875 0.813065326171875 0.525330396484375 0.81105527734375 0.51651982421875 0.789949748046875 0.514867841796875 0.766834169921875 0.518171806640625 0.747738693359375 0.518171806640625 0.724623115234375 0.521475771484375 0.70954773828125 0.5198237890625 0.70050251171875 0.521475771484375 0.6884422109375 0.517070484375 0.678391958984375 0.518171806640625 0.673366833984375 0.513215859375 0.669346734375 0.511563876953125 0.659296482421875 0.513215859375 0.606030150390625 0.524779736328125 0.593969849609375 0.5330396484375 0.5909547734375 0.54019823828125 0.559798994140625 0.54129955859375 0.53668341796875 0.53414096875 0.54170854296875 0.503854625 0.54170854296875 0.486784140625 0.533668341796875 0.478524228515625 0.533668341796875 0.4724669609375 0.538693466796875 0.47356828125 0.55075376953125 0.47962555078125 0.559798994140625 0.494493392578125 0.61105527734375 0.4933920703125 0.6924623125 0.490638765625 0.7075376875 0.487334802734375 0.775879396484375
3 0.525881056640625 0.80201005078125 0.542400880859375 0.810050251953125 0.548458150390625 0.836180904296875 0.552312775390625 0.831155779296875 0.556167400390625 0.834170853515625 0.566079294921875 0.75577889453125 0.56387665234375 0.719597990234375 0.569933919921875 0.687437185546875 0.566079294921875 0.68140703515625 0.562775330078125 0.68140703515625 0.5605726875 0.687437185546875 0.555616740234375 0.687437185546875 0.552863435546875 0.67236180859375 0.535242291015625 0.6653266328125 0.53028634375 0.6653266328125 0.52643171875 0.673366833984375 0.522577091796875 0.701507537109375 0.518171806640625 0.754773869140625 0.518171806640625 0.786934673828125 0.5198237890625 0.793969849609375 0.525881056640625 0.80201005078125
1 0.43887665234375 0.77487437109375 0.448788546875 0.77386934765625 0.448788546875 0.77889447265625 0.44933920703125 0.775879396484375 0.46585903125 0.7809045234375 0.477422908203125 0.777889447265625 0.484030837890625 0.72361808984375 0.4801762109375 0.7165829140625 0.48348017578125 0.6924623125 0.384361234375 0.677386935546875 0.38215858984375 0.69547738671875 0.383259912109375 0.717587939453125 0.379955947265625 0.7447236171875 0.384361234375 0.75376884375 0.40198237890625 0.7628140703125 0.423458150390625 0.765829146484375 0.43887665234375 0.77487437109375
3 0.48623348046875 0.685427134765625 0.488986783203125 0.65829145703125 0.487885462890625 0.6190954765625 0.443832599609375 0.60201005078125 0.43997797265625 0.60201005078125 0.433370044921875 0.60703517578125 0.433920705078125 0.64623115625 0.430066080078125 0.673366833984375 0.4355726875 0.679396984375 0.454295154296875 0.684422111328125 0.48623348046875 0.685427134765625
3 0.221916298828125 0.5346733671875 0.22962555078125 0.603015076171875 0.229074890625 0.615075376953125 0.234030837890625 0.634170853515625 0.274779736328125 0.645226130859375 0.28028634375 0.641206029296875 0.282488986328125 0.63015075390625 0.28083700390625 0.62110552734375 0.2830396484375 0.594974875 0.27643171875 0.58391959765625 0.2775330390625 0.57889447265625 0.262665197265625 0.57889447265625 0.261013216796875 0.556783919921875 0.262665197265625 0.54371859375 0.292951541015625 0.55075376953125 0.346365638671875 0.571859296875 0.352422908203125 0.56984924609375 0.356277533203125 0.563819095703125 0.36123348046875 0.512562814453125 0.359581498046875 0.5065326640625 0.329845814453125 0.498492462890625 0.32709251171875 0.4924623125 0.258810572265625 0.468341708984375 0.255616740234375 0.468341708984375 0.24284141015625 0.468341708984375 0.234581498046875 0.474371859375 0.23237885546875 0.482412060546875 0.2263215859375 0.485427134765625 0.221365638671875 0.501507537109375 0.221916298828125 0.5346733671875
3 0.279185021484375 0.75376884375 0.281938326171875 0.77487437109375 0.305616740234375 0.7809045234375 0.31002202734375 0.77889447265625 0.312775330078125 0.771859296875 0.318832599609375 0.720603015625 0.319383259765625 0.6974874375 0.323237884765625 0.68140703515625 0.323237884765625 0.664321607421875 0.319933919921875 0.648241205078125 0.30066079296875 0.6422110546875 0.297081498046875 0.6422110546875 0.291850220703125 0.643216080078125 0.2830396484375 0.65326633203125 0.2868942734375 0.65829145703125 0.28359030859375 0.669346734375 0.284691630859375 0.68140703515625 0.279185021484375 0.75376884375
3 0.235132158203125 0.963819095703125 0.234030837890625 0.981909546875 0.2356828203125 0.993969849609375 0.24008810546875 0.998994974609375 0.2946035234375 0.998994974609375 0.30066079296875 0.961809044921875 0.3039647578125 0.9065326640625 0.31112334765625 0.90452261328125 0.315528634765625 0.896482412109375 0.3248898671875 0.845226130859375 0.32709251171875 0.80703517578125 0.32433920703125 0.798994974609375 0.269273126953125 0.776884421875 0.26651982421875 0.776884421875 0.2566079296875 0.784924623046875 0.2472466953125 0.889447236328125 0.2433920703125 0.905527638671875 0.238986783203125 0.91356783984375 0.238436123046875 0.954773869140625 0.235132158203125 0.963819095703125
3 0.0682819375 0.5346733671875 0.082048458984375 0.5346733671875 0.145925109375 0.514572865234375 0.1486784140625 0.5065326640625 0.147026431640625 0.454271357421875 0.144273126953125 0.44623115625 0.1354625546875 0.4422110546875 0.132709251953125 0.4422110546875 0.127202642578125 0.4422110546875 0.122797357421875 0.45125628125 0.078744494140625 0.457286431640625 0.0578193828125 0.466331658203125 0.063325990234375 0.529648240234375 0.0682819375 0.5346733671875
6 0 0.6552763828125 0.005506607421875 0.652261306640625 0.01376651953125 0.638190955078125 0.01762114453125 0.638190955078125 0.028083701171875 0.622110552734375 0.0446035234375 0.608040201171875 0.066629955078125 0.598994974609375 0.081497796875 0.58793969921875 0.12555066015625 0.571859296875 0.137665197265625 0.563819095703125 0.15583700390625 0.5447236171875 0.153083701171875 0.526633166015625 0.147026431640625 0.5165829140625 0.102422908203125 0.528643216796875 0.08700440625 0.53668341796875 0.072136564453125 0.55376884375 0 0.589949748046875 0 0.6552763828125
3 0 0.5859296484375 0.012665197265625 0.582914572265625 0.03634361328125 0.56984924609375 0.04680616796875 0.558793970703125 0.039647576171875 0.505527638671875 0.0330396484375 0.4974874375 0.03083700390625 0.4974874375 0 0.5065326640625 0 0.5859296484375
6 0.546255505859375 0.522613064453125 0.555066080078125 0.520603015625 0.569933919921875 0.4974874375 0.57819383203125 0.471356783203125 0.599118943359375 0.42512562890625 0.613986783203125 0.408040201171875 0.6354625546875 0.368844220703125 0.64262114453125 0.3678391953125 0.649779736328125 0.35577889453125 0.654185021484375 0.33768844140625 0.656938326171875 0.310552763671875 0.664096916015625 0.2924623125 0.664096916015625 0.2834170859375 0.65914096875 0.280402009765625 0.6580396484375 0.275376884765625 0.6618942734375 0.274371859375 0.66519823828125 0.26331658203125 0.664096916015625 0.259296482421875 0.667951541015625 0.2552763828125 0.66519823828125 0.25125628125 0.666850220703125 0.248241205078125 0.6657488984375 0.234170853515625 0.66134361328125 0.234170853515625 0.6580396484375 0.245226130859375 0.65914096875 0.2603015078125 0.65528634375 0.270351759765625 0.656938326171875 0.278391958984375 0.650330396484375 0.289447236328125 0.649779736328125 0.3065326640625 0.643171806640625 0.326633166015625 0.638215859375 0.330653265625 0.63215858984375 0.356783919921875 0.619493392578125 0.379899498046875 0.6106828203125 0.38894472265625 0.602422908203125 0.389949748046875 0.59140969140625 0.413065326171875 0.5803964765625 0.423115578125 0.558920705078125 0.480402009765625 0.535792951171875 0.508542712890625 0.53414096875 0.51356783984375 0.5368942734375 0.521608041015625 0.535792951171875 0.53266331640625 0.53799559375 0.538693466796875 0.542951541015625 0.538693466796875 0.546255505859375 0.522613064453125
3 0.5407488984375 0.314572865234375 0.539096916015625 0.33768844140625 0.60737885546875 0.386934673828125 0.61894273046875 0.377889447265625 0.6277533046875 0.36080401953125 0.627202642578125 0.356783919921875 0.630506607421875 0.352763818359375 0.6316079296875 0.3447236171875 0.61784141015625 0.326633166015625 0.600220263671875 0.279396984375 0.59140969140625 0.269346734375 0.58755506640625 0.269346734375 0.58370044140625 0.269346734375 0.56497797265625 0.285427134765625 0.561674009765625 0.284422111328125 0.5567180625 0.27236180859375 0.548458150390625 0.277386935546875 0.5407488984375 0.314572865234375
3 0.545154185546875 0.333668341796875 0.543502203125 0.33768844140625 0.555616740234375 0.349748744140625 0.568832599609375 0.35577889453125 0.59526431640625 0.3809045234375 0.60848017578125 0.386934673828125 0.6222466953125 0.372864322265625 0.63105726953125 0.345728642578125 0.616740087890625 0.326633166015625 0.600220263671875 0.282412060546875 0.59140969140625 0.270351759765625 0.5881057265625 0.270351759765625 0.565528634765625 0.285427134765625 0.5567180625 0.2834170859375 0.5567180625 0.277386935546875 0.548458150390625 0.279396984375 0.542951541015625 0.30954773828125 0.545154185546875 0.333668341796875
3 0.638215859375 0.193969849609375 0.6393171796875 0.1809045234375 0.636563876953125 0.17487437109375 0.603524228515625 0.15075376953125 0.569383259765625 0.13266331640625 0.562775330078125 0.133668341796875 0.56002202734375 0.14170854296875 0.55451541796875 0.19296482421875 0.556167400390625 0.2 0.562775330078125 0.205025125 0.602422908203125 0.229145728515625 0.626651982421875 0.229145728515625 0.638215859375 0.193969849609375
1 0.711453744140625 0.0371859296875 0.700991189453125 0.028140703125 0.697687224609375 0.029145728515625 0.694933919921875 0.040201005859375 0.691629955078125 0.084422111328125 0.717511013671875 0.10050251171875 0.73237885546875 0.105527638671875 0.738986783203125 0.057286431640625 0.73623348046875 0.048241205078125 0.711453744140625 0.0371859296875
3 0.700440529296875 0 0.697136564453125 0.022110552734375 0.701541849609375 0.029145728515625 0.781387666015625 0.069346734375 0.78634361328125 0.068341708984375 0.79019823828125 0.059296482421875 0.80066079296875 0.006030150390625 0.80066079296875 0 0.700440529296875 0
3 0.893722466796875 0.627135677734375 0.9196035234375 0.640201005859375 0.92180616796875 0.6371859296875 0.922356828125 0.62613065234375 0.9289647578125 0.61105527734375 0.930616740234375 0.594974875 0.933920705078125 0.5909547734375 0.9328193828125 0.579899498046875 0.936674009765625 0.561809044921875 0.93887665234375 0.53266331640625 0.943832599609375 0.526633166015625 0.9498898671875 0.53266331640625 0.954845814453125 0.529648240234375 0.95870044140625 0.53668341796875 0.95980176171875 0.522613064453125 0.96255506640625 0.521608041015625 0.96640969140625 0.501507537109375 0.9669603515625 0.4834170859375 0.965308369140625 0.477386935546875 0.94658590234375 0.471356783203125 0.948788546875 0.466331658203125 0.944933919921875 0.461306533203125 0.91244493359375 0.4422110546875 0.9118942734375 0.441206029296875 0.8986784140625 0.4934673359375 0.89262114453125 0.556783919921875 0.8893171796875 0.571859296875 0.8893171796875 0.605025125 0.890418501953125 0.62110552734375 0.893722466796875 0.627135677734375
3 0.748348017578125 0.45829145703125 0.75991189453125 0.461306533203125 0.7775330390625 0.473366833984375 0.78028634375 0.482412060546875 0.779185021484375 0.505527638671875 0.77643171875 0.50954773828125 0.782488986328125 0.517587939453125 0.805066080078125 0.526633166015625 0.812775330078125 0.524623115234375 0.819933919921875 0.471356783203125 0.823237884765625 0.42512562890625 0.802312775390625 0.408040201171875 0.75715858984375 0.38894472265625 0.754405287109375 0.382914572265625 0.75 0.382914572265625 0.745044052734375 0.38793969921875 0.745594712890625 0.401005025390625 0.741740087890625 0.40703517578125 0.737334802734375 0.438190955078125 0.738436123046875 0.44924623046875 0.748348017578125 0.45829145703125
3 0.772026431640625 0.39296482421875 0.774779736328125 0.3809045234375 0.78744493359375 0.382914572265625 0.7907488984375 0.386934673828125 0.795154185546875 0.377889447265625 0.812775330078125 0.220100501953125 0.8105726875 0.210050251953125 0.793502203125 0.203015076171875 0.790418501953125 0.203015076171875 0.778083701171875 0.203015076171875 0.7736784140625 0.213065326171875 0.77312775390625 0.233165830078125 0.755506607421875 0.37889447265625 0.75991189453125 0.38894472265625 0.772026431640625 0.39296482421875
3 0.9157488984375 0.443216080078125 0.933370044921875 0.45125628125 0.954295154296875 0.471356783203125 0.971365638671875 0.475376884765625 0.979074890625 0.44422110546875 0.978524228515625 0.43919598046875 0.974669603515625 0.43517587890625 0.9724669609375 0.408040201171875 0.947687224609375 0.3909547734375 0.9432819375 0.38391959765625 0.9394273125 0.3859296484375 0.9355726875 0.376884421875 0.934471365234375 0.376884421875 0.930066080078125 0.38391959765625 0.924559470703125 0.404020099609375 0.926211453125 0.408040201171875 0.92290748828125 0.41105527734375 0.91905286328125 0.423115578125 0.9157488984375 0.443216080078125
3 0.937224669921875 0.845226130859375 0.940528634765625 0.841206029296875 0.940528634765625 0.834170853515625 0.93997797265625 0.828140703125 0.93502202734375 0.82512562890625 0.936674009765625 0.822110552734375 0.93502202734375 0.817085427734375 0.9432819375 0.791959798828125 0.94658590234375 0.725628140625 0.9432819375 0.720603015625 0.90859030859375 0.708542712890625 0.9080396484375 0.7075376875 0.90528634375 0.710552763671875 0.903634361328125 0.722613064453125 0.900330396484375 0.86231155859375 0.906938326171875 0.870351759765625 0.93612334765625 0.870351759765625 0.937224669921875 0.845226130859375
3 0.8474669609375 0.935678392578125 0.873898677734375 0.949748744140625 0.87830396484375 0.94371859375 0.88105726953125 0.930653265625 0.890969162109375 0.796984923828125 0.8893171796875 0.7859296484375 0.872797357421875 0.779899498046875 0.869493392578125 0.779899498046875 0.862885462890625 0.779899498046875 0.859581498046875 0.78391959765625 0.85462555078125 0.8090452265625 0.84526431640625 0.887437185546875 0.843612333984375 0.92763819140625 0.8474669609375 0.935678392578125
3 0.887665197265625 0.993969849609375 0.917951541015625 0.998994974609375 0.924008810546875 0.98894472265625 0.9289647578125 0.972864322265625 0.92951541796875 0.94673366796875 0.93612334765625 0.8924623125 0.933370044921875 0.887437185546875 0.92290748828125 0.885427134765625 0.918502203125 0.879396984375 0.90473568359375 0.877386935546875 0.90473568359375 0.87236180859375 0.904185021484375 0.871356783203125 0.89812775390625 0.87638191015625 0.8948237890625 0.885427134765625 0.893171806640625 0.9075376875 0.8854625546875 0.945728642578125 0.88105726953125 0.982914572265625 0.887665197265625 0.993969849609375
3 0.9328193828125 0.93266331640625 0.93887665234375 0.94170854296875 0.982929515625 0.961809044921875 0.994493392578125 0.922613064453125 0.99669603515625 0.889447236328125 0.985132158203125 0.882412060546875 0.97026431640625 0.879396984375 0.966776798828125 0.879396984375 0.95980176171875 0.879396984375 0.9553964765625 0.885427134765625 0.9394273125 0.8834170859375 0.9328193828125 0.887437185546875 0.93502202734375 0.89045226171875 0.9328193828125 0.93266331640625
3 0.647577091796875 0.905527638671875 0.65198237890625 0.884422111328125 0.650330396484375 0.87638191015625 0.65914096875 0.857286431640625 0.666850220703125 0.829145728515625 0.671255505859375 0.80201005078125 0.670154185546875 0.7909547734375 0.65859030859375 0.78391959765625 0.653634361328125 0.78793969921875 0.65143171875 0.7809045234375 0.642070484375 0.776884421875 0.626651982421875 0.777889447265625 0.620594712890625 0.770854271484375 0.623348017578125 0.765829146484375 0.611784140625 0.76984924609375 0.5919603515625 0.848241205078125 0.58755506640625 0.854271357421875 0.579845814453125 0.85125628125 0.57158590234375 0.873366833984375 0.547356828125 0.870351759765625 0.542951541015625 0.90452261328125 0.542400880859375 0.915577888671875 0.54680616796875 0.928643216796875 0.58480176171875 0.952763818359375 0.6183920703125 0.982914572265625 0.625 0.98391959765625 0.647577091796875 0.905527638671875
3 0.5881057265625 0.749748744140625 0.593612333984375 0.7577889453125 0.609581498046875 0.76984924609375 0.612885462890625 0.77889447265625 0.615638765625 0.779899498046875 0.63876651953125 0.7809045234375 0.642070484375 0.776884421875 0.65198237890625 0.721608041015625 0.650330396484375 0.708542712890625 0.63215858984375 0.70452261328125 0.609030837890625 0.689447236328125 0.576541849609375 0.68643216015625 0.575440529296875 0.68643216015625 0.5710352421875 0.6934673359375 0.569383259765625 0.703517587890625 0.5671806171875 0.74170854296875 0.569933919921875 0.75075376953125 0.57709251171875 0.754773869140625 0.5881057265625 0.749748744140625
3 0.697136564453125 0.584924623046875 0.70319383203125 0.58391959765625 0.70870044140625 0.559798994140625 0.71200440625 0.55577889453125 0.740638765625 0.5628140703125 0.782488986328125 0.584924623046875 0.7868942734375 0.582914572265625 0.7907488984375 0.586934673828125 0.7946035234375 0.577889447265625 0.7946035234375 0.55376884375 0.770925109375 0.53768844140625 0.757709251953125 0.5396984921875 0.7433920703125 0.53266331640625 0.738986783203125 0.520603015625 0.737334802734375 0.501507537109375 0.727973568359375 0.501507537109375 0.720814978515625 0.484422111328125 0.7131057265625 0.477386935546875 0.6932819375 0.4653266328125 0.67951541796875 0.466331658203125 0.65859030859375 0.4552763828125 0.6580396484375 0.454271357421875 0.653634361328125 0.470351759765625 0.653634361328125 0.494472361328125 0.640969162109375 0.53266331640625 0.6448237890625 0.549748744140625 0.6921806171875 0.575879396484375 0.697136564453125 0.584924623046875
3 0.8144273125 0.078391958984375 0.815528634765625 0.087437185546875 0.8182819375 0.089447236328125 0.83755506640625 0.074371859375 0.84140969140625 0.087437185546875 0.862885462890625 0.1075376875 0.86508810546875 0.121608041015625 0.87169603515625 0.130653265625 0.88105726953125 0.115577888671875 0.895925109375 0.064321607421875 0.879955947265625 0.06231155859375 0.877202642578125 0.057286431640625 0.86894273046875 0.05829145703125 0.865638765625 0.05326633203125 0.846365638671875 0.04623115625 0.8105726875 0.020100501953125 0.81002202734375 0.020100501953125 0.80066079296875 0.047236181640625 0.796255505859375 0.069346734375 0.79680616796875 0.077386935546875 0.80726872265625 0.07638191015625 0.8105726875 0.082412060546875 0.8144273125 0.078391958984375
3 0.511013216796875 0.8603015078125 0.50715858984375 0.8371859296875 0.498348017578125 0.82512562890625 0.481277533203125 0.818090453125 0.477422908203125 0.818090453125 0.46916299609375 0.82110552734375 0.46255506640625 0.868341708984375 0.481277533203125 0.878391958984375 0.4856828203125 0.885427134765625 0.509361234375 0.88643216015625 0.511013216796875 0.8603015078125
3 0.362334802734375 0.965829146484375 0.3606828203125 0.958793970703125 0.35462555078125 0.952763818359375 0.332599119140625 0.95075376953125 0.32819383203125 0.95075376953125 0.325991189453125 0.952763818359375 0.3248898671875 0.966834169921875 0.32158590234375 0.976884421875 0.32048458203125 0.998994974609375 0.357929515625 0.998994974609375 0.362334802734375 0.965829146484375
3 0.926211453125 0.161809044921875 0.895925109375 0.128643216796875 0.892070484375 0.12763819140625 0.8893171796875 0.13266331640625 0.884361234375 0.129648240234375 0.87830396484375 0.131658291015625 0.8606828203125 0.17889447265625 0.85187224609375 0.21206030078125 0.850220263671875 0.247236181640625 0.893171806640625 0.26733668359375 0.90473568359375 0.23919598046875 0.922356828125 0.175879396484375 0.92290748828125 0.165829146484375 0.926211453125 0.161809044921875
3 0.888215859375 0.120603015625 0.92180616796875 0.154773869140625 0.9289647578125 0.1577889453125 0.936674009765625 0.1447236171875 0.94548458203125 0.119597990234375 0.944933919921875 0.1065326640625 0.9328193828125 0.09547738671875 0.91905286328125 0.073366833984375 0.9157488984375 0.073366833984375 0.904185021484375 0.05829145703125 0.903634361328125 0.05829145703125 0.899779736328125 0.06231155859375 0.892070484375 0.089447236328125 0.893722466796875 0.09547738671875 0.883810572265625 0.1115577890625 0.883810572265625 0.122613064453125 0.888215859375 0.120603015625
3 0.650881056640625 0.498492462890625 0.659691630859375 0.433165830078125 0.659691630859375 0.41105527734375 0.634361234375 0.372864322265625 0.5919603515625 0.43919598046875 0.566079294921875 0.5075376875 0.56773127734375 0.515577888671875 0.58370044140625 0.530653265625 0.626651982421875 0.558793970703125 0.628854625 0.556783919921875 0.63876651953125 0.540703517578125 0.650881056640625 0.498492462890625
3 0.71585903125 0.25628140625 0.731277533203125 0.266331658203125 0.738986783203125 0.248241205078125 0.744493392578125 0.259296482421875 0.762665197265625 0.27236180859375 0.76762114453125 0.264321607421875 0.77422907421875 0.21608040234375 0.7736784140625 0.21206030078125 0.765418501953125 0.20703517578125 0.746145375 0.201005025390625 0.724669603515625 0.18793969921875 0.715308369140625 0.191959798828125 0.681167400390625 0.17487437109375 0.6751101328125 0.177889447265625 0.670704845703125 0.198994974609375 0.668502203125 0.220100501953125 0.670704845703125 0.228140703125 0.683920705078125 0.23517587890625 0.694933919921875 0.23517587890625 0.710352423828125 0.24422110546875 0.71585903125 0.25628140625
4 0.957048458984375 0.085427134765625 0.937224669921875 0.0603015078125 0.926211453125 0.05628140625 0.92180616796875 0.06231155859375 0.921255505859375 0.078391958984375 0.933920705078125 0.096482412109375 0.9432819375 0.10452261328125 0.94658590234375 0.115577888671875 0.95870044140625 0.091457287109375 0.957048458984375 0.085427134765625
3 0.91905286328125 0 0.91134361328125 0.024120603515625 0.910242291015625 0.034170853515625 0.9157488984375 0.043216080078125 0.930616740234375 0.05628140625 0.936674009765625 0.057286431640625 0.947687224609375 0.0371859296875 0.953744494140625 0.017085427734375 0.95870044140625 0.01206030078125 0.9592511015625 0.004020099609375 0.957048458984375 0 0.91905286328125 0
3 0.859581498046875 0 0.866189427734375 0.034170853515625 0.866189427734375 0.052261306640625 0.872797357421875 0.0552763828125 0.876651982421875 0.052261306640625 0.883810572265625 0.057286431640625 0.890418501953125 0.0653266328125 0.892070484375 0.073366833984375 0.903083701171875 0.04623115625 0.917400880859375 0 0.859581498046875 0
3 0.403083701171875 0.961809044921875 0.41299559375 0.9628140703125 0.417951541015625 0.958793970703125 0.421255505859375 0.922613064453125 0.417400880859375 0.9115577890625 0.420704845703125 0.9075376875 0.4157488984375 0.9065326640625 0.4118942734375 0.8924623125 0.39151982421875 0.89045226171875 0.37444933984375 0.874371859375 0.363436123046875 0.873366833984375 0.359030837890625 0.90452261328125 0.360132158203125 0.9115577890625 0.384361234375 0.919597990234375 0.393722466796875 0.92763819140625 0.400330396484375 0.938693466796875 0.403083701171875 0.961809044921875
3 0.82819383203125 0.282412060546875 0.8105726875 0.275376884765625 0.8067180625 0.277386935546875 0.80066079296875 0.321608041015625 0.8001101328125 0.340703517578125 0.79790748828125 0.3447236171875 0.795704845703125 0.368844220703125 0.797356828125 0.38894472265625 0.81002202734375 0.381909546875 0.81773127734375 0.372864322265625 0.823788546875 0.33768844140625 0.82819383203125 0.282412060546875
3 0.914647576171875 0.410050251953125 0.920704845703125 0.375879396484375 0.91244493359375 0.368844220703125 0.883259912109375 0.3577889453125 0.87830396484375 0.36984924609375 0.866740087890625 0.37889447265625 0.865638765625 0.398994974609375 0.856277533203125 0.405025125 0.8551762109375 0.4090452265625 0.856828193359375 0.41206030078125 0.903083701171875 0.436180904296875 0.914647576171875 0.410050251953125
4 0.83755506640625 0.533668341796875 0.8474669609375 0.44924623046875 0.84801762109375 0.438190955078125 0.845814978515625 0.428140703125 0.84801762109375 0.408040201171875 0.84526431640625 0.393969849609375 0.843612333984375 0.393969849609375 0.84416299609375 0.38793969921875 0.84085903125 0.384924623046875 0.8210352421875 0.376884421875 0.811674009765625 0.384924623046875 0.813325990234375 0.393969849609375 0.81112334765625 0.41206030078125 0.8210352421875 0.4190954765625 0.82433920703125 0.427135677734375 0.813325990234375 0.524623115234375 0.83755506640625 0.533668341796875
3 0.873898677734375 0.370854271484375 0.879955947265625 0.35577889453125 0.88105726953125 0.33768844140625 0.87555066015625 0.342713568359375 0.875 0.359798994140625 0.870044052734375 0.36080401953125 0.8683920703125 0.356783919921875 0.8683920703125 0.3346733671875 0.87169603515625 0.315577888671875 0.869493392578125 0.308542712890625 0.870044052734375 0.29547738671875 0.8551762109375 0.2884422109375 0.8474669609375 0.29045226171875 0.850220263671875 0.36482412109375 0.86123348046875 0.36482412109375 0.86508810546875 0.36984924609375 0.870044052734375 0.365829146484375 0.871145375 0.370854271484375 0.873898677734375 0.370854271484375
3 0.10848017578125 0 0.109030837890625 0.036180904296875 0.133810572265625 0.04623115625 0.16299559375 0.04422110546875 0.1696035234375 0.005025125 0.1696035234375 0 0.10848017578125 0
1 0.6894273125 0.377889447265625 0.72026431640625 0.394974875 0.727973568359375 0.395979900390625 0.734030837890625 0.365829146484375 0.73623348046875 0.31356783984375 0.728524228515625 0.30452261328125 0.697687224609375 0.2924623125 0.67951541796875 0.280402009765625 0.66629955859375 0.278391958984375 0.659691630859375 0.312562814453125 0.65583700390625 0.321608041015625 0.6525330390625 0.349748744140625 0.644273126953125 0.37386934765625 0.643722466796875 0.38391959765625 0.647026431640625 0.391959798828125 0.677312775390625 0.42512562890625 0.683370044921875 0.423115578125 0.68502202734375 0.38793969921875 0.6894273125 0.377889447265625
1 0.63491189453125 0.54874371875 0.629405287109375 0.56482412109375 0.623348017578125 0.618090453125 0.62555066015625 0.628140703125 0.6222466953125 0.65326633203125 0.622797357421875 0.6653266328125 0.673458150390625 0.6884422109375 0.691629955078125 0.5809045234375 0.63491189453125 0.54874371875
1 0.593612333984375 0.669346734375 0.593612333984375 0.645226130859375 0.59801762109375 0.606030150390625 0.606828193359375 0.552763818359375 0.602422908203125 0.547738693359375 0.593612333984375 0.545728642578125 0.59140969140625 0.540703517578125 0.572687224609375 0.53768844140625 0.558920705078125 0.529648240234375 0.55066079296875 0.530653265625 0.547356828125 0.542713568359375 0.54680616796875 0.56482412109375 0.54019823828125 0.594974875 0.54129955859375 0.604020099609375 0.5330396484375 0.657286431640625 0.535242291015625 0.66231155859375 0.558370044921875 0.673366833984375 0.589757708984375 0.68140703515625 0.593612333984375 0.669346734375
1 0.1525330390625 0.474371859375 0.153634361328125 0.49547738671875 0.156387666015625 0.5025125625 0.17566079296875 0.498492462890625 0.187775330078125 0.491457287109375 0.1894273125 0.484422111328125 0.200991189453125 0.48140703515625 0.204845814453125 0.474371859375 0.203744494140625 0.469346734375 0.20980176171875 0.466331658203125 0.211453744140625 0.42613065234375 0.2092511015625 0.406030150390625 0.210903083984375 0.39296482421875 0.2092511015625 0.368844220703125 0.210903083984375 0.34673366796875 0.206497796875 0.33768844140625 0.20209251171875 0.33266331640625 0.159691630859375 0.329648240234375 0.15583700390625 0.333668341796875 0.15473568359375 0.351758794921875 0.14922907421875 0.372864322265625 0.149779736328125 0.404020099609375 0.154185021484375 0.406030150390625 0.153083701171875 0.44422110546875 0.15473568359375 0.45125628125 0.1525330390625 0.45829145703125 0.1525330390625 0.474371859375
1 0.241189427734375 0 0.238986783203125 0.041206029296875 0.237885462890625 0.117587939453125 0.2946035234375 0.11859296484375 0.3001101328125 0.114572865234375 0.299559470703125 0.079396984375 0.302863435546875 0.054271357421875 0.30451541796875 0 0.241189427734375 0
1 0.731277533203125 0.114572865234375 0.6894273125 0.091457287109375 0.6855726875 0.1025125625 0.683920705078125 0.122613064453125 0.677312775390625 0.15577889453125 0.676762115234375 0.168844220703125 0.6789647578125 0.171859296875 0.7169603515625 0.18894472265625 0.72301762109375 0.16984924609375 0.72577092578125 0.133668341796875 0.731277533203125 0.114572865234375
1 0.779185021484375 0.96482412109375 0.8039647578125 0.970854271484375 0.806167400390625 0.981909546875 0.8105726875 0.981909546875 0.81002202734375 0.972864322265625 0.8144273125 0.963819095703125 0.82158590234375 0.958793970703125 0.825991189453125 0.94673366796875 0.827643171875 0.938693466796875 0.825991189453125 0.919597990234375 0.828744494140625 0.8974874375 0.833149779296875 0.87236180859375 0.839207048828125 0.864321607421875 0.845814978515625 0.82613065234375 0.846365638671875 0.8190954765625 0.843928287109375 0.81553669921875 0.84140969140625 0.818090453125 0.839757708984375 0.815075376953125 0.84085903125 0.801005025390625 0.843612333984375 0.793969849609375 0.84416299609375 0.772864322265625 0.84085903125 0.766834169921875 0.833149779296875 0.76482412109375 0.829845814453125 0.7577889453125 0.8210352421875 0.75376884375 0.8210352421875 0.742713568359375 0.831497796875 0.70452261328125 0.83370044140625 0.70050251171875 0.83865638671875 0.70050251171875 0.83700440625 0.689447236328125 0.8419603515625 0.682412060546875 0.84085903125 0.677386935546875 0.842511013671875 0.673366833984375 0.8342511015625 0.664321607421875 0.818832599609375 0.65628140625 0.785242291015625 0.650251255859375 0.78083700390625 0.66331658203125 0.77698237890625 0.6974874375 0.771475771484375 0.7165829140625 0.770925109375 0.735678392578125 0.76651982421875 0.75075376953125 0.76376651953125 0.782914572265625 0.778634361328125 0.80703517578125 0.779185021484375 0.815075376953125 0.774779736328125 0.861306533203125 0.765969162109375 0.896482412109375 0.765418501953125 0.91859296484375 0.761013216796875 0.94673366796875 0.767070484375 0.95577889453125 0.779185021484375 0.96482412109375
1 0.970814978515625 0.650251255859375 0.97577092578125 0.634170853515625 0.9763215859375 0.61105527734375 0.954845814453125 0.601005025390625 0.94548458203125 0.601005025390625 0.933370044921875 0.610050251953125 0.92841409765625 0.6190954765625 0.92290748828125 0.640201005859375 0.9118942734375 0.643216080078125 0.906387666015625 0.680402009765625 0.907488986328125 0.70452261328125 0.960352423828125 0.72361808984375 0.964207048828125 0.715577888671875 0.964207048828125 0.70452261328125 0.968612333984375 0.68643216015625 0.970814978515625 0.650251255859375
1 0.926762115234375 0.359798994140625 0.931167400390625 0.356783919921875 0.944383259765625 0.305527638671875 0.9432819375 0.301507537109375 0.93502202734375 0.298492462890625 0.90583700390625 0.275376884765625 0.8854625546875 0.269346734375 0.88105726953125 0.264321607421875 0.8777533046875 0.2653266328125 0.8722466953125 0.294472361328125 0.871145375 0.30954773828125 0.873348017578125 0.31356783984375 0.873898677734375 0.326633166015625 0.903634361328125 0.34874371875 0.90914096875 0.34371859375 0.926762115234375 0.359798994140625
1 0.184471365234375 0.124623115234375 0.16905286328125 0.122613064453125 0.1580396484375 0.114572865234375 0.15583700390625 0.11859296484375 0.15583700390625 0.147738693359375 0.15143171875 0.2 0.142070484375 0.20201005078125 0.140969162109375 0.196984923828125 0.137665197265625 0.195979900390625 0.132709251953125 0.21105527734375 0.133259912109375 0.25326633203125 0.173458150390625 0.257286431640625 0.177863435546875 0.2090452265625 0.1789647578125 0.159798994140625 0.183370044921875 0.145728642578125 0.184471365234375 0.124623115234375
1 0 0.82613065234375 0.005506607421875 0.82512562890625 0.009361234375 0.818090453125 0.007709251953125 0.810050251953125 0.009361234375 0.781909546875 0.029185021484375 0.77386934765625 0.034691630859375 0.763819095703125 0.0710352421875 0.758793970703125 0.07433920703125 0.752763818359375 0.07158590234375 0.696482412109375 0.051211453125 0.694472361328125 0.004955947265625 0.70452261328125 0 0.7075376875 0 0.82613065234375
1 0.0605726875 0.956783919921875 0.052312775390625 0.9577889453125 0.048458150390625 0.963819095703125 0.049008810546875 0.998994974609375 0.134361234375 0.998994974609375 0.13491189453125 0.995979900390625 0.136013216796875 0.972864322265625 0.13105726953125 0.966834169921875 0.0605726875 0.956783919921875
1 0.1618942734375 0.972864322265625 0.15914096875 0.981909546875 0.15859030859375 0.998994974609375 0.184471365234375 0.998994974609375 0.187224669921875 0.9809045234375 0.1855726875 0.975879396484375 0.181167400390625 0.97386934765625 0.1618942734375 0.972864322265625
1 0.24394273046875 0.8422110546875 0.231277533203125 0.845226130859375 0.224118943359375 0.85829145703125 0.22026431640625 0.857286431640625 0.214207048828125 0.84422110546875 0.20870044140625 0.841206029296875 0.173458150390625 0.83919598046875 0.1696035234375 0.84422110546875 0.170154185546875 0.9075376875 0.1894273125 0.9115577890625 0.230726873046875 0.9115577890625 0.24008810546875 0.908542712890625 0.242290748046875 0.903517587890625 0.24394273046875 0.8422110546875
1 0.519273126953125 0.434170853515625 0.531938326171875 0.44924623046875 0.532488986328125 0.46331658203125 0.53083700390625 0.46733668359375 0.51651982421875 0.4653266328125 0.5143171796875 0.468341708984375 0.48623348046875 0.4653266328125 0.482929515625 0.510552763671875 0.495594712890625 0.51859296484375 0.50330396484375 0.517587939453125 0.51376651953125 0.52361808984375 0.534691630859375 0.526633166015625 0.53799559375 0.51859296484375 0.53634361328125 0.5115577890625 0.5446035234375 0.5065326640625 0.556167400390625 0.489447236328125 0.573788546875 0.44623115625 0.572687224609375 0.441206029296875 0.555616740234375 0.42512562890625 0.549559470703125 0.415075376953125 0.559471365234375 0.356783919921875 0.51762114453125 0.33266331640625 0.50055066015625 0.32763819140625 0.49669603515625 0.333668341796875 0.4933920703125 0.361809044921875 0.491189427734375 0.40703517578125 0.4933920703125 0.417085427734375 0.49284141015625 0.436180904296875 0.49944933984375 0.436180904296875 0.501101322265625 0.42512562890625 0.519273126953125 0.434170853515625
1 0.724118943359375 0.887437185546875 0.71971365625 0.89547738671875 0.7131057265625 0.919597990234375 0.7131057265625 0.935678392578125 0.752202642578125 0.9678391953125 0.75715858984375 0.954773869140625 0.762665197265625 0.915577888671875 0.73237885546875 0.889447236328125 0.724118943359375 0.887437185546875
1 0 0.461306533203125 0.02973568359375 0.459296482421875 0.0330396484375 0.45628140625 0.03414096875 0.448241205078125 0.0407488984375 0.270351759765625 0.0368942734375 0.26331658203125 0.002202642578125 0.25326633203125 0 0.25326633203125 0 0.461306533203125
1 0.46585903125 0.995979900390625 0.468061673828125 0.998994974609375 0.495044052734375 0.998994974609375 0.498898677734375 0.98391959765625 0.49944933984375 0.966834169921875 0.505506607421875 0.933668341796875 0.477422908203125 0.920603015625 0.46255506640625 0.921608041015625 0.45870044140625 0.930653265625 0.4592511015625 0.951758794921875 0.4553964765625 0.96984924609375 0.44933920703125 0.970854271484375 0.440528634765625 0.979899498046875 0.438325990234375 0.97889447265625 0.437224669921875 0.96984924609375 0.43502202734375 0.968844220703125 0.43226872265625 0.97386934765625 0.437224669921875 0.981909546875 0.431167400390625 0.989949748046875 0.43502202734375 0.989949748046875 0.4394273125 0.998994974609375 0.46365638671875 0.998994974609375 0.46585903125 0.995979900390625
1 0.8303964765625 0.5909547734375 0.798458150390625 0.582914572265625 0.792951541015625 0.595979900390625 0.79129955859375 0.623115578125 0.785242291015625 0.64623115625 0.827643171875 0.654271357421875 0.8303964765625 0.64623115625 0.833149779296875 0.61206030078125 0.8303964765625 0.5909547734375
1 0.839757708984375 0.64422110546875 0.84526431640625 0.643216080078125 0.850220263671875 0.648241205078125 0.8474669609375 0.66331658203125 0.852973568359375 0.673366833984375 0.850220263671875 0.69547738671875 0.849118943359375 0.74170854296875 0.849669603515625 0.75577889453125 0.852422908203125 0.763819095703125 0.849118943359375 0.7678391953125 0.859030837890625 0.775879396484375 0.880506607421875 0.77889447265625 0.886013216796875 0.765829146484375 0.887665197265625 0.7065326640625 0.887665197265625 0.679396984375 0.88215858984375 0.659296482421875 0.884361234375 0.647236181640625 0.88215858984375 0.6190954765625 0.8777533046875 0.617085427734375 0.876651982421875 0.620100501953125 0.872797357421875 0.60703517578125 0.8683920703125 0.6090452265625 0.86508810546875 0.618090453125 0.86784141015625 0.62512562890625 0.86508810546875 0.6321608046875 0.861784140625 0.628140703125 0.852973568359375 0.627135677734375 0.849669603515625 0.618090453125 0.84471365625 0.620100501953125 0.8419603515625 0.634170853515625 0.843061673828125 0.643216080078125 0.83700440625 0.63919598046875 0.8342511015625 0.647236181640625 0.8381057265625 0.64924623046875 0.839757708984375 0.64422110546875
4 0.987334802734375 0.35577889453125 0.995594712890625 0.356783919921875 0.9972466953125 0.345728642578125 0.99944933984375 0.3447236171875 0.99944933984375 0.280402009765625 0.99008810546875 0.279396984375 0.986784140625 0.275376884765625 0.986784140625 0.269346734375 0.99008810546875 0.266331658203125 0.9933920703125 0.2552763828125 0.99008810546875 0.236180904296875 0.981828193359375 0.228140703125 0.964207048828125 0.291457287109375 0.96200440625 0.2934673359375 0.954295154296875 0.287437185546875 0.9498898671875 0.294472361328125 0.930616740234375 0.368844220703125 0.970814978515625 0.405025125 0.974669603515625 0.405025125 0.977973568359375 0.391959798828125 0.977422908203125 0.371859296875 0.987334802734375 0.35577889453125
4 0.42566079296875 0.395979900390625 0.376651982421875 0.379899498046875 0.3722466953125 0.384924623046875 0.371145375 0.408040201171875 0.414096916015625 0.423115578125 0.424559470703125 0.423115578125 0.426762115234375 0.418090453125 0.427312775390625 0.39798994921875 0.42566079296875 0.395979900390625
4 0.9592511015625 0 0.9592511015625 0.013065326171875 0.950991189453125 0.024120603515625 0.93887665234375 0.054271357421875 0.950991189453125 0.077386935546875 0.974669603515625 0.024120603515625 0.97962555078125 0.006030150390625 0.979074890625 0 0.9592511015625 0
4 0.67290748828125 0.728643216796875 0.654185021484375 0.719597990234375 0.649779736328125 0.733668341796875 0.643722466796875 0.77487437109375 0.653083701171875 0.776884421875 0.673458150390625 0.791959798828125 0.677312775390625 0.77487437109375 0.680616740234375 0.73768844140625 0.67290748828125 0.728643216796875
4 0.791850220703125 0.079396984375 0.77973568359375 0.069346734375 0.741189427734375 0.05628140625 0.72577092578125 0.14371859375 0.725220263671875 0.15376884375 0.7356828203125 0.161809044921875 0.76651982421875 0.172864322265625 0.774779736328125 0.170854271484375 0.78744493359375 0.117587939453125 0.791850220703125 0.079396984375
6 0.218612333984375 0.4924623125 0.228524228515625 0.477386935546875 0.247797357421875 0.46331658203125 0.305066080078125 0.48140703515625 0.343612333984375 0.498492462890625 0.356277533203125 0.49949748828125 0.3606828203125 0.505527638671875 0.365638765625 0.49949748828125 0.3777533046875 0.505527638671875 0.40143171875 0.5075376875 0.4080396484375 0.51356783984375 0.43502202734375 0.521608041015625 0.4460352421875 0.528643216796875 0.46255506640625 0.530653265625 0.467511013671875 0.522613064453125 0.46255506640625 0.5165829140625 0.4432819375 0.515577888671875 0.43502202734375 0.508542712890625 0.42841409765625 0.508542712890625 0.42841409765625 0.51859296484375 0.42180616796875 0.515577888671875 0.423458150390625 0.508542712890625 0.420154185546875 0.503517587890625 0.399779736328125 0.503517587890625 0.392070484375 0.496482412109375 0.3551762109375 0.4834170859375 0.34140969140625 0.471356783203125 0.312775330078125 0.4653266328125 0.306167400390625 0.45829145703125 0.30726872265625 0.454271357421875 0.3039647578125 0.44623115625 0.30726872265625 0.43919598046875 0.3039647578125 0.436180904296875 0.29405286328125 0.43919598046875 0.29129955859375 0.445226130859375 0.252202642578125 0.431155779296875 0.24669603515625 0.433165830078125 0.22026431640625 0.42110552734375 0.21585903125 0.42613065234375 0.21365638671875 0.480402009765625 0.202643171875 0.491457287109375 0.18612334765625 0.50050251171875 0.18502202734375 0.525628140625 0.19273127734375 0.528643216796875 0.201541849609375 0.522613064453125 0.210352423828125 0.5075376875 0.2169603515625 0.5065326640625 0.218612333984375 0.4924623125