4 0.471428572265625 0.14254624609375 0.46263736328125 0.141458107421875 0.46923076953125 0.1458106640625 0.486263736328125 0.1458106640625 0.4950549453125 0.118607181640625 0.496153845703125 0.08813928125 0.49340659375 0.0826985859375 0.48406593359375 0.07943416796875 0.48571428515625 0.068552775390625 0.484615384765625 0.025027203125 0.466483515625 0.010881392578125 0.442857142578125 0.004352556640625 0.437912087890625 0.004352556640625 0.42912087890625 0.01632208984375 0.420329669921875 0.12295973828125 0.47582417578125 0.138193689453125 0.471428572265625 0.14254624609375
4 0.2648351640625 0.12622415625 0.266483515625 0.1327529921875 0.306043955078125 0.14798694140625 0.3181318671875 0.1577801953125 0.33736263671875 0.163220892578125 0.352747251953125 0.163220892578125 0.3549450546875 0.159956474609375 0.358791208984375 0.1458106640625 0.3582417578125 0.130576712890625 0.345604396484375 0.12404787890625 0.32087912109375 0.1207834609375 0.3131868125 0.115342763671875 0.3148351640625 0.0576713828125 0.299450548828125 0.04787812890625 0.284615384765625 0.0446137109375 0.281043955078125 0.0446137109375 0.27582417578125 0.04678998828125 0.269780220703125 0.07943416796875 0.269780220703125 0.095756255859375 0.2648351640625 0.12622415625
4 0.330219779296875 0 0.326373626953125 0.013057671875 0.32417582421875 0.05005440625 0.31758241796875 0.05984766015625 0.313736263671875 0.114254625 0.35934066015625 0.128400435546875 0.36263736328125 0.12295973828125 0.36263736328125 0.11099020703125 0.3681318671875 0.083786724609375 0.3681318671875 0.030467900390625 0.366483515625 0.02285092578125 0.36098901171875 0.02176278515625 0.34340659375 0 0.340109890625 0 0.330219779296875 0
4 0.4049450546875 0.1588683359375 0.405494505859375 0.146898802734375 0.412087912109375 0.141458107421875 0.413736263671875 0.083786724609375 0.40934066015625 0.0816104453125 0.40769230859375 0.075081611328125 0.396703296875 0.071817193359375 0.390109890625 0.07290533203125 0.3884615390625 0.077257888671875 0.376373626953125 0.07290533203125 0.376923076171875 0.06637649609375 0.373626373046875 0.062023939453125 0.37252747265625 0.062023939453125 0.3615384609375 0.14907508203125 0.365384615234375 0.15451577734375 0.380219779296875 0.159956474609375 0.4049450546875 0.1588683359375
1 0.401098900390625 0.05984766015625 0.40659340625 0.0565832421875 0.407142857421875 0.04787812890625 0.412087912109375 0.04134929296875 0.41428571484375 0.020674646484375 0.379670330078125 0.01196953125 0.37582417578125 0.01196953125 0.37252747265625 0.017410228515625 0.37087912109375 0.04678998828125 0.37252747265625 0.051142546875 0.401098900390625 0.05984766015625
0 0.519369490234375 0 0.50273708984375 0.02593051953125 0.7045935703125 0.199679822265625 0.713665748046875 0.15474466015625 0.522393568359375 0 0.519369490234375 0
4 0.512565330078125 0 0.50273708984375 0.022934830078125 0.625211822265625 0.05139376171875 0.51483340234375 0 0.512565330078125 0
1 0.497252748046875 0.118607181640625 0.517032966796875 0.12295973828125 0.523076923828125 0.11099020703125 0.528571427734375 0.083786724609375 0.530219779296875 0.04678998828125 0.526923076171875 0.040261154296875 0.505494505859375 0.033732318359375 0.501098900390625 0.033732318359375 0.4983516484375 0.040261154296875 0.495604396484375 0.07943416796875 0.497802197265625 0.08813928125 0.497252748046875 0.118607181640625
1 0.570329669921875 0.3732317734375 0.5917582421875 0.368879216796875 0.595604396484375 0.36452666015625 0.62252747265625 0.3601741015625 0.6318681328125 0.352557126953125 0.63571428515625 0.339499455078125 0.634615384765625 0.305767138671875 0.63736263671875 0.219804134765625 0.6384615390625 0.1969532109375 0.64065933984375 0.19260065234375 0.626373626953125 0.1838955390625 0.61098901171875 0.1828073984375 0.57252747265625 0.16104461328125 0.571978021484375 0.16104461328125 0.569780220703125 0.165397169921875 0.565384615234375 0.270946681640625 0.5648351640625 0.36996735546875 0.570329669921875 0.3732317734375
4 0.63736263671875 0.309031556640625 0.6417582421875 0.318824810546875 0.65934066015625 0.321001087890625 0.66593406640625 0.317736669921875 0.666483515625 0.3101196953125 0.670329669921875 0.30032644140625 0.671978021484375 0.204570185546875 0.669780220703125 0.201305767578125 0.650549451171875 0.19368879296875 0.647802197265625 0.19368879296875 0.640109890625 0.1969532109375 0.637912087890625 0.241566919921875 0.6384615390625 0.29488574609375 0.63736263671875 0.309031556640625
4 0 0.43307943359375 0.047802197265625 0.438520130859375 0.0516483515625 0.36996735546875 0.050549451171875 0.347116431640625 0.053846154296875 0.31338411328125 0.039560439453125 0.305767138671875 0.007142857421875 0.302502720703125 0.004395603515625 0.302502720703125 0 0.304678998046875 0 0.43307943359375
4 0.17252747265625 0.18607181640625 0.210439560546875 0.19368879296875 0.228021978515625 0.19368879296875 0.23406593359375 0.184983677734375 0.23406593359375 0.16757344921875 0.23901098828125 0.134929271484375 0.2368131875 0.12295973828125 0.18406593359375 0.108813927734375 0.18076923046875 0.108813927734375 0.16923076953125 0.11099020703125 0.163736263671875 0.165397169921875 0.165384615234375 0.18063112109375 0.17252747265625 0.18607181640625
4 0.171978021484375 0.18607181640625 0.219780220703125 0.194776931640625 0.229670330078125 0.19260065234375 0.23406593359375 0.184983677734375 0.23901098828125 0.134929271484375 0.2368131875 0.12295973828125 0.18406593359375 0.108813927734375 0.18076923046875 0.108813927734375 0.16923076953125 0.11099020703125 0.163736263671875 0.165397169921875 0.165384615234375 0.18063112109375 0.171978021484375 0.18607181640625
4 0.233516484375 0.194776931640625 0.20769230859375 0.1969532109375 0.204395603515625 0.20239390625 0.199450548828125 0.26877040234375 0.198901099609375 0.32535364453125 0.2351648359375 0.33841131640625 0.2483516484375 0.340587595703125 0.252747251953125 0.336235037109375 0.2549450546875 0.317736669921875 0.2582417578125 0.309031556640625 0.265384615234375 0.203482044921875 0.271428572265625 0.184983677734375 0.273076923828125 0.153427638671875 0.271428572265625 0.14907508203125 0.247802197265625 0.140369966796875 0.247252748046875 0.140369966796875 0.239560439453125 0.14254624609375 0.23571428515625 0.169749728515625 0.23571428515625 0.189336234375 0.233516484375 0.194776931640625
4 0.10659340625 0 0.1016483515625 0.05440696484375 0.099450548828125 0.0576713828125 0.079670330078125 0.0565832421875 0.07417582421875 0.052230685546875 0.076923076171875 0.04787812890625 0.0681318671875 0.052230685546875 0.060439560546875 0.048966267578125 0.057142857421875 0.077257888671875 0.057142857421875 0.11099020703125 0.059890109375 0.115342763671875 0.09065933984375 0.11643090234375 0.14065933984375 0.127312296875 0.162087912109375 0.121871599609375 0.16263736328125 0.115342763671875 0.17087912109375 0.103373232421875 0.173626373046875 0.063112078125 0.170329669921875 0.055495103515625 0.1549450546875 0.05440696484375 0.150549451171875 0.042437431640625 0.146703296875 0.039173013671875 0.136263736328125 0.038084875 0.1368131875 0.020674646484375 0.133516484375 0.01632208984375 0.1483516484375 0.02285092578125 0.16263736328125 0.0195865078125 0.170329669921875 0.023939064453125 0.175274724609375 0.013057671875 0.17417582421875 0 0.1351648359375 0 0.128021978515625 0.014145810546875 0.125274724609375 0.00979325390625 0.128571427734375 0.004352556640625 0.124725275390625 0 0.121703296875 0 0.10659340625 0
4 0.076923076171875 0.270946681640625 0.080219779296875 0.248095755859375 0.078021978515625 0.203482044921875 0.0818681328125 0.177366703125 0.080219779296875 0.12622415625 0.060439560546875 0.115342763671875 0.059890109375 0.115342763671875 0.055494505859375 0.12295973828125 0.0549450546875 0.1588683359375 0.046703296875 0.26332970703125 0.076923076171875 0.270946681640625
4 0.123626373046875 0.3982589765625 0.12087912109375 0.4428726875 0.126373626953125 0.448313384765625 0.146703296875 0.4494015234375 0.150549451171875 0.435255712890625 0.153296703125 0.385201306640625 0.15659340625 0.36452666015625 0.147252748046875 0.35690968359375 0.126373626953125 0.35146898828125 0.123076923828125 0.35146898828125 0.1181318671875 0.352557126953125 0.11593406640625 0.378672470703125 0.116483515625 0.391730140625 0.123626373046875 0.3982589765625
4 0.123626373046875 0.3993471171875 0.12087912109375 0.4428726875 0.126373626953125 0.448313384765625 0.146703296875 0.4494015234375 0.150549451171875 0.435255712890625 0.156043955078125 0.36343851953125 0.147252748046875 0.35690968359375 0.12582417578125 0.35146898828125 0.123076923828125 0.35146898828125 0.1181318671875 0.353645265625 0.116483515625 0.37649619140625 0.117032966796875 0.391730140625 0.123626373046875 0.3993471171875
4 0 0.64200217578125 0.043956044921875 0.64309031640625 0.049450548828125 0.637649619140625 0.051098900390625 0.6267682265625 0.048901099609375 0.619151251953125 0.048901099609375 0.570184984375 0.046703296875 0.546245919921875 0.040109890625 0.54189336328125 0.034615384765625 0.529923830078125 0.025274724609375 0.52883569140625 0.024725275390625 0.52883569140625 0.0181318671875 0.53536452734375 0 0.53536452734375 0 0.64200217578125
1 0.134615384765625 0.627856365234375 0.137912087890625 0.619151251953125 0.13901098828125 0.549510337890625 0.11593406640625 0.545157779296875 0.11309523828125 0.545157779296875 0.097802197265625 0.54733405859375 0.0950549453125 0.622415669921875 0.102747251953125 0.628944505859375 0.134615384765625 0.627856365234375
4 0.21263736328125 0.510337322265625 0.246153845703125 0.520130576171875 0.25 0.516866158203125 0.246703296875 0.49292709375 0.247252748046875 0.47769314453125 0.22087912109375 0.46898803125 0.217857142578125 0.46898803125 0.213736263671875 0.470076169921875 0.21098901171875 0.483133841796875 0.210439560546875 0.4994559296875 0.21263736328125 0.510337322265625
1 0.2516483515625 0.828073994140625 0.252197802734375 0.783460283203125 0.249450548828125 0.772578890625 0.2082417578125 0.77149075 0.204395603515625 0.77149075 0.202197802734375 0.7780195859375 0.203296703125 0.830250271484375 0.243956044921875 0.83242655078125 0.2516483515625 0.828073994140625
4 0.252197802734375 0.720348205078125 0.267032966796875 0.717083787109375 0.270329669921875 0.7029379765625 0.276373626953125 0.59194776953125 0.27582417578125 0.568008705078125 0.25769230859375 0.5636561484375 0.255494505859375 0.5636561484375 0.253846154296875 0.568008705078125 0.252197802734375 0.68335146875 0.25 0.704026115234375 0.252197802734375 0.720348205078125
4 0.153296703125 0.5952121875 0.153296703125 0.608269859375 0.15 0.614798693359375 0.1417582421875 0.614798693359375 0.1417582421875 0.628944505859375 0.152747251953125 0.632208921875 0.1549450546875 0.637649619140625 0.154395603515625 0.644178455078125 0.1483516484375 0.650707291015625 0.146703296875 0.6713819375 0.13406593359375 0.670293796875 0.12582417578125 0.6779107734375 0.126373626953125 0.720348205078125 0.1318681328125 0.720348205078125 0.134615384765625 0.71164308984375 0.148901099609375 0.7029379765625 0.16263736328125 0.7018498359375 0.173076923828125 0.72143634375 0.203846154296875 0.726877041015625 0.240109890625 0.7279651796875 0.25 0.72470076171875 0.252197802734375 0.68008705078125 0.2450549453125 0.669205658203125 0.2483516484375 0.665941240234375 0.245604396484375 0.66158868359375 0.248901099609375 0.650707291015625 0.246703296875 0.64526659375 0.249450548828125 0.634385201171875 0.248901099609375 0.6267682265625 0.2450549453125 0.622415669921875 0.2450549453125 0.61044613671875 0.2483516484375 0.60391730078125 0.246153845703125 0.599564744140625 0.2483516484375 0.5952121875 0.246153845703125 0.59194776953125 0.247252748046875 0.5636561484375 0.2318681328125 0.5571273125 0.173076923828125 0.54733405859375 0.169963369140625 0.54733405859375 0.160439560546875 0.548422197265625 0.157142857421875 0.552774755859375 0.15659340625 0.582154515625 0.153296703125 0.5952121875
4 0.1483516484375 0.69858541796875 0.15 0.7018498359375 0.1631868125 0.700761697265625 0.166483515625 0.710554951171875 0.171978021484375 0.71273123046875 0.174725275390625 0.708378671875 0.18076923046875 0.66158868359375 0.1818681328125 0.6332970625 0.178571427734375 0.628944505859375 0.163736263671875 0.628944505859375 0.1606227109375 0.628944505859375 0.154395603515625 0.628944505859375 0.155494505859375 0.6387377578125 0.149450548828125 0.649619150390625 0.1483516484375 0.69858541796875
1 0.136263736328125 0.520130576171875 0.1384615390625 0.516866158203125 0.14230769140625 0.454842220703125 0.13406593359375 0.455930359375 0.11923076953125 0.447225244140625 0.1181318671875 0.447225244140625 0.115384615234375 0.451577802734375 0.107142857421875 0.45266594140625 0.1016483515625 0.521218716796875 0.136263736328125 0.520130576171875
4 0.1631868125 0.5756256796875 0.16098901171875 0.579978236328125 0.16098901171875 0.590859630859375 0.1648351640625 0.59847660546875 0.202197802734375 0.608269859375 0.209890109375 0.608269859375 0.21428571484375 0.602829162109375 0.2115384609375 0.554951033203125 0.17087912109375 0.546245919921875 0.16923076953125 0.546245919921875 0.166483515625 0.548422197265625 0.166483515625 0.561479869140625 0.1631868125 0.564744287109375 0.1631868125 0.5756256796875
4 0.3851648359375 0.726877041015625 0.3950549453125 0.726877041015625 0.4 0.722524482421875 0.424725275390625 0.725788900390625 0.429670330078125 0.72143634375 0.42912087890625 0.7029379765625 0.426923076171875 0.696409140625 0.428571427734375 0.6332970625 0.426373626953125 0.622415669921875 0.42087912109375 0.618063111328125 0.38241758203125 0.6137105546875 0.373076923828125 0.608269859375 0.371978021484375 0.608269859375 0.369780220703125 0.61153427734375 0.367032966796875 0.634385201171875 0.3631868125 0.72143634375 0.3851648359375 0.726877041015625
4 0.393956044921875 0.860718171875 0.392857142578125 0.926006529296875 0.396153845703125 0.9303590859375 0.4181318671875 0.929270947265625 0.421428572265625 0.926006529296875 0.42252747265625 0.91186071875 0.42252747265625 0.74428726953125 0.419780220703125 0.734494015625 0.400549451171875 0.732317736328125 0.399450548828125 0.732317736328125 0.394505494140625 0.73775843359375 0.3917582421875 0.78128400390625 0.39230769140625 0.8541893359375 0.393956044921875 0.860718171875
4 0.49065933984375 0.8291621328125 0.4950549453125 0.78237214453125 0.495604396484375 0.745375408203125 0.466483515625 0.7410228515625 0.4549450546875 0.745375408203125 0.4483516484375 0.735582154296875 0.443956044921875 0.735582154296875 0.43736263671875 0.74319912890625 0.4384615390625 0.828073994140625 0.45 0.833514689453125 0.49065933984375 0.8291621328125
4 0.505494505859375 0.7410228515625 0.515384615234375 0.745375408203125 0.520329669921875 0.755168662109375 0.519780220703125 0.815016322265625 0.52087912109375 0.818280740234375 0.525274724609375 0.815016322265625 0.5318681328125 0.818280740234375 0.536263736328125 0.83242655078125 0.53571428515625 0.8411316640625 0.530219779296875 0.848748640625 0.530219779296875 0.858541892578125 0.524725275390625 0.860718171875 0.521978021484375 0.8672470078125 0.52087912109375 0.88356909765625 0.52252747265625 0.885745375 0.552747251953125 0.884657236328125 0.553846154296875 0.872687703125 0.55659340625 0.8672470078125 0.57747252734375 0.87377584375 0.57912087890625 0.868335146484375 0.57747252734375 0.860718171875 0.578571427734375 0.83569096875 0.580219779296875 0.83242655078125 0.595604396484375 0.8411316640625 0.594505494140625 0.8291621328125 0.587912087890625 0.824809576171875 0.581318681640625 0.828073994140625 0.57747252734375 0.821545158203125 0.578571427734375 0.8171926015625 0.582967033203125 0.81392818359375 0.59065933984375 0.8171926015625 0.6 0.815016322265625 0.6181318671875 0.80739934765625 0.621978021484375 0.801958650390625 0.621978021484375 0.738846572265625 0.5917582421875 0.734494015625 0.565384615234375 0.73775843359375 0.552197802734375 0.733405875 0.549450548828125 0.7279651796875 0.552197802734375 0.72143634375 0.552747251953125 0.670293796875 0.544505494140625 0.665941240234375 0.543956044921875 0.665941240234375 0.533516484375 0.682263330078125 0.513736263671875 0.68008705078125 0.50769230859375 0.696409140625 0.505494505859375 0.7410228515625
1 0.560439560546875 0.951033732421875 0.56428571484375 0.94994559375 0.56593406640625 0.954298150390625 0.558791208984375 0.973884658203125 0.551098900390625 0.98367791015625 0.551098900390625 0.998911861328125 0.5884615390625 0.998911861328125 0.5884615390625 0.90750816015625 0.582967033203125 0.904243744140625 0.58008241796875 0.904243744140625 0.550549451171875 0.90750816015625 0.550549451171875 0.935799783203125 0.552747251953125 0.9434167578125 0.560439560546875 0.951033732421875
1 0.617032966796875 0.9934711640625 0.615384615234375 0.88900979296875 0.596703296875 0.885745375 0.5950549453125 0.885745375 0.59340659375 0.937976060546875 0.594505494140625 0.998911861328125 0.61428571484375 0.998911861328125 0.617032966796875 0.9934711640625
4 0.641208791015625 0.80631120703125 0.61098901171875 0.81392818359375 0.61098901171875 0.865070728515625 0.6148351640625 0.868335146484375 0.62747252734375 0.8672470078125 0.63901098828125 0.858541892578125 0.65 0.856365615234375 0.652747251953125 0.860718171875 0.649450548828125 0.865070728515625 0.654395603515625 0.868335146484375 0.657142857421875 0.881392818359375 0.67912087890625 0.87704026171875 0.678571427734375 0.872687703125 0.68241758203125 0.866158869140625 0.679670330078125 0.80087051171875 0.678571427734375 0.793253537109375 0.673076923828125 0.788900978515625 0.669505494140625 0.788900978515625 0.657142857421875 0.79434167578125 0.65 0.810663765625 0.6483516484375 0.80631120703125 0.641208791015625 0.80631120703125
4 0.678021978515625 0.7149075078125 0.683516484375 0.723612623046875 0.6851648359375 0.732317736328125 0.683516484375 0.755168662109375 0.676923076171875 0.7660500546875 0.679670330078125 0.7780195859375 0.698901099609375 0.78128400390625 0.71593406640625 0.77584330859375 0.720329669921875 0.780195865234375 0.797802197265625 0.780195865234375 0.801098900390625 0.776931447265625 0.804395603515625 0.767138193359375 0.8049450546875 0.750816103515625 0.810439560546875 0.745375408203125 0.808791208984375 0.71164308984375 0.81098901171875 0.669205658203125 0.80769230859375 0.665941240234375 0.786263736328125 0.665941240234375 0.77747252734375 0.658324265625 0.774725275390625 0.64853101171875 0.77087912109375 0.647442873046875 0.76428571484375 0.63547333984375 0.747802197265625 0.632208921875 0.729670330078125 0.6017410234375 0.71923076953125 0.6006528828125 0.7148351640625 0.594124048828125 0.711950548828125 0.594124048828125 0.676923076171875 0.596300326171875 0.66593406640625 0.614798693359375 0.66593406640625 0.715995646484375 0.678021978515625 0.7149075078125
4 0.6648351640625 0.663764962890625 0.6384615390625 0.660500544921875 0.634615384765625 0.660500544921875 0.63241758203125 0.672470076171875 0.63406593359375 0.694232861328125 0.6648351640625 0.694232861328125 0.6648351640625 0.663764962890625
4 0.68901098828125 0.998911861328125 0.705494505859375 0.998911861328125 0.71263736328125 0.986942328125 0.7082417578125 0.928182806640625 0.70769230859375 0.87595212109375 0.705494505859375 0.865070728515625 0.702564103515625 0.865070728515625 0.687912087890625 0.868335146484375 0.68241758203125 0.87595212109375 0.6851648359375 0.97170837890625 0.68901098828125 0.998911861328125
1 0.704395603515625 0.865070728515625 0.703296703125 0.872687703125 0.70659340625 0.884657236328125 0.7082417578125 0.970620240234375 0.710439560546875 0.98367791015625 0.717032966796875 0.985854189453125 0.723626373046875 0.97823721484375 0.746153845703125 0.976060935546875 0.7549450546875 0.963003263671875 0.787912087890625 0.947769314453125 0.791208791015625 0.939064201171875 0.7917582421875 0.92056583203125 0.79065933984375 0.85201305859375 0.787545787109375 0.85201305859375 0.74065933984375 0.855277474609375 0.728021978515625 0.85745375390625 0.723626373046875 0.862894451171875 0.704395603515625 0.865070728515625
4 0.862087912109375 0.780195865234375 0.82912087890625 0.79434167578125 0.830219779296875 0.826985853515625 0.828571427734375 0.856365615234375 0.821978021484375 0.86398258984375 0.823626373046875 0.868335146484375 0.8181318671875 0.87704026171875 0.81593406640625 0.8922742109375 0.8148351640625 0.94668117578125 0.8181318671875 0.967355822265625 0.830219779296875 0.964091404296875 0.892857142578125 0.966267681640625 0.907142857421875 0.960826986328125 0.91098901171875 0.9173014140625 0.910439560546875 0.871599564453125 0.91263736328125 0.85745375390625 0.91428571484375 0.786724701171875 0.913736263671875 0.745375408203125 0.9082417578125 0.738846572265625 0.90769230859375 0.738846572265625 0.8818681328125 0.74319912890625 0.873076923828125 0.763873775390625 0.8631868125 0.77475516796875 0.862087912109375 0.780195865234375
4 0.928571427734375 0.931447224609375 0.92582417578125 0.9934711640625 0.928021978515625 0.998911861328125 0.9631868125 0.998911861328125 0.966483515625 0.9934711640625 0.96758241796875 0.94668117578125 0.97087912109375 0.937976060546875 0.982967033203125 0.936887921875 0.98736263671875 0.94668117578125 0.98571428515625 0.951033732421875 0.999450548828125 0.94994559375 0.999450548828125 0.936887921875 0.992857142578125 0.934711642578125 0.999450548828125 0.932535365234375 0.999450548828125 0.886833515625 0.98571428515625 0.8922742109375 0.976923076171875 0.890097931640625 0.975274724609375 0.872687703125 0.978571427734375 0.855277474609375 0.97747252734375 0.822633296875 0.98241758203125 0.81284004296875 0.9884615390625 0.810663765625 0.99340659375 0.801958650390625 0.99340659375 0.76822633203125 0.986263736328125 0.76278563671875 0.956043955078125 0.76278563671875 0.952747251953125 0.76278563671875 0.930219779296875 0.770402611328125 0.931318681640625 0.82589771484375 0.928571427734375 0.83242655078125 0.928571427734375 0.931447224609375
1 0.93076923046875 0.6137105546875 0.928021978515625 0.653971708984375 0.929670330078125 0.66158868359375 0.9318681328125 0.764961916015625 0.96428571484375 0.76278563671875 0.969780220703125 0.758433080078125 0.9917582421875 0.75952121875 0.996703296875 0.7279651796875 0.99230769140625 0.69967355859375 0.994505494140625 0.6779107734375 0.99230769140625 0.599564744140625 0.986263736328125 0.587595212890625 0.983516484375 0.587595212890625 0.9549450546875 0.59194776953125 0.947252748046875 0.599564744140625 0.93901098828125 0.59847660546875 0.93076923046875 0.6137105546875
1 0.72417582421875 0.299238302734375 0.72087912109375 0.340587595703125 0.717032966796875 0.352557126953125 0.717032966796875 0.3732317734375 0.70769230859375 0.384113166015625 0.70769230859375 0.38955386328125 0.701098900390625 0.38846572265625 0.696703296875 0.39281828125 0.69340659375 0.450489662109375 0.813736263671875 0.475516865234375 0.83241758203125 0.4744287265625 0.83901098828125 0.467899890625 0.840109890625 0.4232861796875 0.84230769140625 0.418933623046875 0.84065933984375 0.37649619140625 0.842857142578125 0.372143634765625 0.84340659375 0.31991294921875 0.846153845703125 0.2981501640625 0.82747252734375 0.2905331875 0.808791208984375 0.2905331875 0.7983516484375 0.282916212890625 0.77252747265625 0.279651794921875 0.769413919921875 0.279651794921875 0.758791208984375 0.28182807421875 0.753846154296875 0.292709466796875 0.73406593359375 0.291621328125 0.72417582421875 0.299238302734375
4 0.81428571484375 0.486398259765625 0.8082417578125 0.52774755078125 0.805494505859375 0.5767138203125 0.812087912109375 0.58541893359375 0.859890109375 0.594124048828125 0.873076923828125 0.593035908203125 0.878021978515625 0.599564744140625 0.8884615390625 0.599564744140625 0.89230769140625 0.590859630859375 0.892857142578125 0.56583242578125 0.896703296875 0.549510337890625 0.897802197265625 0.521218716796875 0.896153845703125 0.501632208984375 0.89230769140625 0.49619151171875 0.88406593359375 0.494015234375 0.8818681328125 0.453754080078125 0.873076923828125 0.451577802734375 0.87087912109375 0.438520130859375 0.85 0.429815015625 0.847252748046875 0.429815015625 0.84230769140625 0.43416757421875 0.840109890625 0.47116430859375 0.83736263671875 0.479869423828125 0.81428571484375 0.486398259765625
1 0.875274724609375 0.448313384765625 0.9082417578125 0.454842220703125 0.929670330078125 0.451577802734375 0.94230769140625 0.457018498046875 0.946703296875 0.463547333984375 0.9549450546875 0.463547333984375 0.962087912109375 0.454842220703125 0.970329669921875 0.4363438515625 0.976373626953125 0.39608269921875 0.97747252734375 0.340587595703125 0.9384615390625 0.33297062109375 0.937912087890625 0.341675734375 0.931318681640625 0.35799782421875 0.921428572265625 0.367791078125 0.9131868125 0.368879216796875 0.9049450546875 0.36452666015625 0.903846154296875 0.35473340625 0.901098900390625 0.350380849609375 0.899450548828125 0.33188248046875 0.8851648359375 0.3220892265625 0.883516484375 0.3220892265625 0.880219779296875 0.32535364453125 0.878021978515625 0.38846572265625 0.875274724609375 0.410228509765625 0.875274724609375 0.448313384765625
0 0.7234403984375 0.175243091796875 0.72097108203125 0.28505811328125 0.988605123046875 0.322404693359375 1 0.27335077734375 0.7234403984375 0.175243091796875
4 0.97087912109375 0.239390642578125 0.9851648359375 0.25571273046875 0.990109890625 0.253536453125 0.999450548828125 0.2589771484375 0.999450548828125 0.12295973828125 0.991208791015625 0.1207834609375 0.98901098828125 0.1207834609375 0.978021978515625 0.12404787890625 0.970329669921875 0.200217626953125 0.969780220703125 0.2339499453125 0.97087912109375 0.239390642578125
1 0.806043955078125 0.191512513671875 0.82582417578125 0.204570185546875 0.846703296875 0.203482044921875 0.857142857421875 0.206746462890625 0.86263736328125 0.213275298828125 0.8917582421875 0.215451578125 0.8983516484375 0.168661587890625 0.902747251953125 0.11099020703125 0.902197802734375 0.064200216796875 0.905494505859375 0.0435255703125 0.901098900390625 0.038084875 0.89230769140625 0.035908595703125 0.829670330078125 0.035908595703125 0.826373626953125 0.0315560390625 0.818681318359375 0.032644177734375 0.8181318671875 0.0315560390625 0.81428571484375 0.0435255703125 0.81263736328125 0.103373232421875 0.803846154296875 0.184983677734375 0.806043955078125 0.191512513671875
4 0.862087912109375 0 0.85934066015625 0.026115341796875 0.862087912109375 0.029379759765625 0.919780220703125 0.036996736328125 0.921978021484375 0.020674646484375 0.921428572265625 0 0.918602826171875 0 0.862087912109375 0
4 0.8950549453125 0.204570185546875 0.907142857421875 0.21218716015625 0.92087912109375 0.21218716015625 0.923626373046875 0.2089227421875 0.926373626953125 0.159956474609375 0.92912087890625 0.1458106640625 0.924725275390625 0.1327529921875 0.9131868125 0.130576712890625 0.910073259765625 0.130576712890625 0.903846154296875 0.130576712890625 0.9 0.138193689453125 0.899450548828125 0.168661587890625 0.8950549453125 0.204570185546875
4 0.74230769140625 0 0.741208791015625 0.00979325390625 0.742857142578125 0.01632208984375 0.75934066015625 0.027203482421875 0.766483515625 0.025027203125 0.762087912109375 0.0195865078125 0.7681318671875 0.01196953125 0.75 0 0.746153845703125 0 0.74230769140625 0
4 0.521978021484375 0.473340587890625 0.510439560546875 0.49727965234375 0.508791208984375 0.505984765625 0.5131868125 0.539717083984375 0.508791208984375 0.558215451171875 0.5115384609375 0.5886833515625 0.534615384765625 0.60391730078125 0.552197802734375 0.60500544140625 0.556043955078125 0.599564744140625 0.557142857421875 0.590859630859375 0.5681318671875 0.58541893359375 0.566483515625 0.571273123046875 0.57087912109375 0.556039173828125 0.57747252734375 0.545157779296875 0.58241758203125 0.545157779296875 0.5884615390625 0.552774755859375 0.592857142578125 0.57344940234375 0.5917582421875 0.587595212890625 0.5950549453125 0.594124048828125 0.596703296875 0.59194776953125 0.600549451171875 0.564744287109375 0.603296703125 0.559303591796875 0.60659340625 0.50924918359375 0.610439560546875 0.49075081640625 0.60934066015625 0.460282916015625 0.61098901171875 0.450489662109375 0.60769230859375 0.43416757421875 0.608791208984375 0.418933623046875 0.603846154296875 0.41458106640625 0.574725275390625 0.41458106640625 0.571611720703125 0.41458106640625 0.53571428515625 0.418933623046875 0.53241758203125 0.4374319921875 0.521428572265625 0.440696408203125 0.521978021484375 0.473340587890625
4 0.651098900390625 0.8041349296875 0.656043955078125 0.793253537109375 0.671978021484375 0.785636560546875 0.673626373046875 0.758433080078125 0.6681318671875 0.735582154296875 0.64340659375 0.733405875 0.64230769140625 0.733405875 0.62747252734375 0.7399347109375 0.62747252734375 0.795429814453125 0.629670330078125 0.805223068359375 0.651098900390625 0.8041349296875
4 0.28076923046875 0.872687703125 0.278021978515625 0.878128400390625 0.25 0.8803046796875 0.247802197265625 0.874863982421875 0.236263736328125 0.87595212109375 0.2351648359375 0.884657236328125 0.228571427734375 0.891186072265625 0.228021978515625 0.904243744140625 0.230219779296875 0.90750816015625 0.234615384765625 0.939064201171875 0.231318681640625 0.960826986328125 0.232967033203125 0.966267681640625 0.22747252734375 0.970620240234375 0.228021978515625 0.9815016328125 0.240109890625 0.992383025390625 0.251098900390625 0.98803046875 0.263736263671875 0.99020674609375 0.273626373046875 0.998911861328125 0.380219779296875 0.998911861328125 0.38571428515625 0.9934711640625 0.38571428515625 0.9804134921875 0.39065933984375 0.966267681640625 0.391208791015625 0.9564744296875 0.3851648359375 0.94994559375 0.3851648359375 0.9423286171875 0.382967033203125 0.939064201171875 0.371428572265625 0.935799783203125 0.370329669921875 0.92709466796875 0.37087912109375 0.860718171875 0.37417582421875 0.826985853515625 0.373076923828125 0.7910772578125 0.3648351640625 0.78128400390625 0.33736263671875 0.7780195859375 0.321428572265625 0.770402611328125 0.31849816796875 0.770402611328125 0.280219779296875 0.77475516796875 0.2818681328125 0.78128400390625 0.2818681328125 0.83242655078125 0.28076923046875 0.872687703125
4 0.309890109375 0.533188248046875 0.31098901171875 0.545157779296875 0.306043955078125 0.544069640625 0.304395603515625 0.5636561484375 0.306043955078125 0.57236126171875 0.3016483515625 0.593035908203125 0.3016483515625 0.63656148046875 0.297252748046875 0.6648531015625 0.293956044921875 0.77149075 0.326923076171875 0.76931447265625 0.347252748046875 0.7791077265625 0.35 0.776931447265625 0.353296703125 0.763873775390625 0.352197802734375 0.74428726953125 0.353846154296875 0.732317736328125 0.3483516484375 0.734494015625 0.34340659375 0.72470076171875 0.35769230859375 0.719260064453125 0.36263736328125 0.650707291015625 0.3615384609375 0.6267682265625 0.355494505859375 0.620239390625 0.35659340625 0.56583242578125 0.35934066015625 0.545157779296875 0.35769230859375 0.521218716796875 0.353296703125 0.50924918359375 0.3450549453125 0.50924918359375 0.3417582421875 0.51577801953125 0.336263736328125 0.511425462890625 0.318681318359375 0.50924918359375 0.317032966796875 0.50924918359375 0.306043955078125 0.520130576171875 0.30769230859375 0.524483134765625 0.306043955078125 0.5375408046875 0.309890109375 0.533188248046875
4 0.2917582421875 0.77149075 0.292857142578125 0.73122959765625 0.296153845703125 0.71273123046875 0.273076923828125 0.707290533203125 0.271428572265625 0.707290533203125 0.268681318359375 0.7149075078125 0.2681318671875 0.770402611328125 0.271428572265625 0.773667029296875 0.2917582421875 0.77149075
4 0.4384615390625 0.796517955078125 0.4384615390625 0.7475516875 0.43571428515625 0.7399347109375 0.43241758203125 0.738846572265625 0.42747252734375 0.738846572265625 0.426373626953125 0.751904244140625 0.42912087890625 0.798694232421875 0.436263736328125 0.80087051171875 0.4384615390625 0.796517955078125
4 0.946153845703125 0.18063112109375 0.947802197265625 0.16104461328125 0.944505494140625 0.1458106640625 0.933516484375 0.140369966796875 0.929670330078125 0.140369966796875 0.92747252734375 0.14254624609375 0.92417582421875 0.173014146484375 0.92747252734375 0.178454841796875 0.946153845703125 0.18063112109375
4 0.92747252734375 0.131664853515625 0.929670330078125 0.077257888671875 0.917032966796875 0.073993470703125 0.91263736328125 0.073993470703125 0.903296703125 0.080522306640625 0.901098900390625 0.12622415625 0.9115384609375 0.131664853515625 0.92747252734375 0.131664853515625
4 0.7983516484375 0 0.7983516484375 0.020674646484375 0.802197802734375 0.025027203125 0.847252748046875 0.0315560390625 0.85769230859375 0.029379759765625 0.859890109375 0 0.85709290625 0 0.7983516484375 0
1 0.241208791015625 0.109902068359375 0.24340659375 0.121871599609375 0.263736263671875 0.130576712890625 0.275274724609375 0.040261154296875 0.273626373046875 0.035908595703125 0.267032966796875 0.039173013671875 0.25659340625 0.03482045703125 0.253846154296875 0.03482045703125 0.249450548828125 0.036996736328125 0.2450549453125 0.060935798828125 0.24065933984375 0.0946681171875 0.241208791015625 0.109902068359375
4 0.2868131875 0.261153427734375 0.289560439453125 0.251360173828125 0.28901098828125 0.203482044921875 0.281318681640625 0.1969532109375 0.27252747265625 0.1958650703125 0.270329669921875 0.1958650703125 0.267032966796875 0.204570185546875 0.26263736328125 0.254624591796875 0.27252747265625 0.2600652890625 0.2868131875 0.261153427734375